SURVEY: ATLAS
SNID: 2016K
IACU: 2016K
FILTERS: co
TYPE: 1
RA: 65.451292
DECL: -15.755586
PIXSIZE: 1.86
PEAKMJD: 57401.20999999996
REDSHIFT_HELIO: 0.0307  +- 0.000
HOSTGAL_OBJID: -9
HOSTGAL_PHOTOZ: -9
HOSTGAL_SPECZ: -9
HOSTGAL_SNSEP: -9
HOSTGAL_LOGMASS: -9
HOSTGAL_MAG: -9
HOSTGAL_SB_FLUXCAL: -9
# ================================
# TERSE LIGHT CURVE OUTPUT
#
NOBS: 82
NVAR: 8
VARLIST: MJD BAND FIELD FLUXCAL FLUXCALERR SKYSIG GAIN PHOTFLAG
OBS: 57353.422008 o NA 3.08745e+03 1.6353e+03 76.2 1 0
OBS: 57353.431683 o NA 3.61077e+03 1.8778e+03 90.4 1 0
OBS: 57353.441356 o NA 3.56123e+03 1.7911e+03 82.0 1 0
OBS: 57356.463202 o NA 6.49232e+02 3.7583e+02 28.7 1 0
OBS: 57358.431421 o NA 7.34514e+02 3.6740e+02 24.0 1 0
OBS: 57368.412652 o NA 1.72982e+03 4.2605e+02 18.6 1 0
OBS: 57369.437331 o NA 5.93745e+02 3.4186e+02 22.1 1 0
OBS: 57370.373047 c NA 6.08135e+02 3.1111e+02 14.9 1 0
OBS: 57370.390826 c NA 5.65458e+02 2.8440e+02 14.7 1 0
OBS: 57370.409015 c NA 5.44001e+02 2.8025e+02 14.5 1 0
OBS: 57388.206132 o NA 1.17815e+03 6.5815e+02 30.9 1 0
OBS: 57388.234054 o NA 7.76962e+02 4.3999e+02 24.9 1 0
OBS: 57390.201947 c NA 3.13329e+03 9.7951e+02 41.7 1 0
OBS: 57390.220019 c NA 1.59809e+03 4.2535e+02 16.8 1 0
OBS: 57391.20058 c NA 1.94805e+03 1.0642e+03 50.1 1 0
OBS: 57391.204933 c NA 2.87607e+03 7.3417e+02 31.0 1 0
OBS: 57391.217991 c NA 3.41979e+03 4.4676e+02 17.8 1 0
OBS: 57391.231118 c NA 3.07893e+03 4.7038e+02 16.8 1 0
OBS: 57398.349078 c NA 1.41775e+04 4.6238e+02 14.9 1 0
OBS: 57398.36573 c NA 1.34276e+04 4.0198e+02 14.6 1 0
OBS: 57398.382459 c NA 1.44544e+04 4.1980e+02 14.9 1 0
OBS: 57398.399192 c NA 1.33291e+04 4.5844e+02 15.3 1 0
OBS: 57399.34616 c NA 1.57471e+04 4.5734e+02 15.1 1 0
OBS: 57399.362957 c NA 1.50800e+04 3.7038e+02 15.2 1 0
OBS: 57399.379748 c NA 1.50245e+04 3.9599e+02 15.6 1 0
OBS: 57399.396581 c NA 1.68112e+04 4.4308e+02 15.8 1 0
OBS: 57406.290423 o NA 1.57181e+04 1.1836e+03 38.2 1 0
OBS: 57406.301962 o NA 1.51635e+04 1.0641e+03 39.1 1 0
OBS: 57406.322335 o NA 1.69356e+04 1.0866e+03 38.2 1 0
OBS: 57406.349326 o NA 1.68888e+04 9.6676e+02 39.3 1 0
OBS: 57407.289071 o NA 1.62780e+04 1.0865e+03 41.5 1 0
OBS: 57407.300082 o NA 1.58635e+04 1.0588e+03 41.5 1 0
OBS: 57407.320598 o NA 1.42167e+04 9.4891e+02 41.7 1 0
OBS: 57407.346777 o NA 1.40864e+04 9.4021e+02 42.9 1 0
OBS: 57410.281739 o NA 9.67386e+03 1.7671e+03 46.6 1 0
OBS: 57410.300101 o NA 1.31947e+04 1.2603e+03 46.8 1 0
OBS: 57410.321212 o NA 1.19015e+04 1.1665e+03 47.6 1 0
OBS: 57410.322433 o NA 1.22800e+04 1.1525e+03 47.4 1 0
OBS: 57411.279174 o NA 9.97241e+03 1.8591e+03 49.9 1 0
OBS: 57411.292058 o NA 9.06985e+03 1.6567e+03 49.9 1 0
OBS: 57411.298996 o NA 1.10154e+04 1.2250e+03 50.1 1 0
OBS: 57411.323599 o NA 1.28825e+04 1.1983e+03 49.0 1 0
OBS: 57412.279698 o NA 1.22124e+04 1.1665e+03 38.7 1 0
OBS: 57412.292044 o NA 1.22462e+04 1.1391e+03 38.9 1 0
OBS: 57412.298815 o NA 1.02991e+04 1.0180e+03 39.1 1 0
OBS: 57412.323094 o NA 1.13449e+04 9.5047e+02 39.8 1 0
OBS: 57416.269056 o NA 9.77237e+03 6.1860e+02 24.2 1 0
OBS: 57416.283115 o NA 9.47982e+03 5.7551e+02 23.7 1 0
OBS: 57416.29721 o NA 8.65366e+03 6.3688e+02 24.2 1 0
OBS: 57416.311736 o NA 7.50931e+03 5.2055e+02 24.5 1 0
OBS: 57417.267809 o NA 9.63829e+03 5.8513e+02 22.9 1 0
OBS: 57417.283092 o NA 8.92072e+03 5.7238e+02 23.2 1 0
OBS: 57417.298425 o NA 7.65597e+03 5.1758e+02 23.4 1 0
OBS: 57417.314016 o NA 8.17335e+03 6.0850e+02 24.9 1 0
OBS: 57423.25817 c NA 5.31129e+03 4.8959e+02 17.8 1 0
OBS: 57423.273603 c NA 4.81726e+03 4.4002e+02 17.5 1 0
OBS: 57423.289009 c NA 4.64729e+03 4.6706e+02 17.5 1 0
OBS: 57423.304449 c NA 4.72498e+03 4.1178e+02 17.5 1 0
OBS: 57429.2582 c NA 2.72647e+03 3.9516e+02 15.5 1 0
OBS: 57429.273593 c NA 2.67178e+03 4.1650e+02 15.3 1 0
OBS: 57429.289028 c NA 1.51217e+03 3.7244e+02 15.1 1 0
OBS: 57430.260967 c NA 2.28244e+03 4.2549e+02 17.9 1 0
OBS: 57430.276421 c NA 4.08131e+03 4.5053e+02 17.6 1 0
OBS: 57430.29187 c NA 3.25987e+03 4.1279e+02 17.6 1 0
OBS: 57439.229639 o NA 4.02161e+03 9.7372e+02 44.5 1 0
OBS: 57439.241935 o NA 2.61336e+03 1.0168e+03 44.5 1 0
OBS: 57439.258959 o NA 1.66112e+03 7.9814e+02 45.1 1 0
OBS: 57439.274954 o NA 2.02116e+03 8.3757e+02 45.5 1 0
OBS: 57446.275107 o NA 2.79512e+03 5.5020e+02 25.0 1 0
OBS: 57447.224075 o NA 3.36667e+03 9.1647e+02 41.3 1 0
OBS: 57447.235957 o NA 3.03948e+03 5.0902e+02 22.7 1 0
OBS: 57447.250656 o NA 3.22404e+03 5.6454e+02 22.3 1 0
OBS: 57447.268539 o NA 9.97241e+02 4.4871e+02 22.6 1 0
OBS: 57453.235506 c NA 8.70162e+02 3.7676e+02 18.7 1 0
OBS: 57453.247857 c NA 9.60285e+02 4.1528e+02 17.9 1 0
OBS: 57453.264346 c NA 1.58782e+03 4.1939e+02 17.8 1 0
OBS: 57457.242284 c NA 9.12851e+02 3.6684e+02 17.9 1 0
OBS: 57457.258332 c NA 1.61139e+03 4.4512e+02 18.0 1 0
OBS: 57457.277074 c NA 1.82642e+03 4.7497e+02 18.5 1 0
OBS: 57461.266541 c NA 2.88935e+03 1.1611e+03 52.5 1 0
OBS: 57465.223844 o NA 8.99498e+03 4.4660e+03 78.3 1 0
OBS: 57465.239958 o NA 2.11057e+03 8.7576e+02 43.1 1 0
END_PHOTOMETRY: