SURVEY: ATLAS
SNID: 2017aap
IACU: 2017aap
FILTERS: co
TYPE: 1
RA: 174.076292
DECL: 38.119222
PIXSIZE: 1.86
PEAKMJD: 57785.815497700125
REDSHIFT_HELIO: 0.11  +- 0.000
HOSTGAL_OBJID: -9
HOSTGAL_PHOTOZ: -9
HOSTGAL_SPECZ: -9
HOSTGAL_SNSEP: -9
HOSTGAL_LOGMASS: -9
HOSTGAL_MAG: -9
HOSTGAL_SB_FLUXCAL: -9
# ================================
# TERSE LIGHT CURVE OUTPUT
#
NOBS: 109
NVAR: 8
VARLIST: MJD BAND FIELD FLUXCAL FLUXCALERR SKYSIG GAIN PHOTFLAG
OBS: 57746.604989 c NA 4.35311e+02 2.3264e+02 13.7 1 0
OBS: 57750.576475 c NA 4.73369e+02 2.8071e+02 16.4 1 0
OBS: 57762.524399 o NA 1.15771e+03 4.6779e+02 31.2 1 0
OBS: 57762.54746 o NA 1.18905e+03 4.9976e+02 29.6 1 0
OBS: 57762.559596 o NA 1.46285e+03 4.8831e+02 28.1 1 0
OBS: 57765.500822 o NA 1.97333e+03 9.4910e+02 53.7 1 0
OBS: 57765.526044 o NA 3.23892e+03 1.0772e+03 52.2 1 0
OBS: 57766.537377 o NA 2.47059e+03 8.4129e+02 46.6 1 0
OBS: 57766.554639 o NA 2.88935e+03 8.2111e+02 45.7 1 0
OBS: 57766.581605 o NA 1.78320e+03 6.8874e+02 46.6 1 0
OBS: 57774.510812 o NA 1.40475e+03 3.9178e+02 19.0 1 0
OBS: 57774.528511 o NA 2.74410e+03 4.5955e+02 19.2 1 0
OBS: 57774.536784 o NA 1.78484e+03 3.9936e+02 19.5 1 0
OBS: 57774.552496 o NA 2.16970e+03 4.4625e+02 19.5 1 0
OBS: 57774.565319 o NA 2.87078e+03 4.4529e+02 20.0 1 0
OBS: 57778.519863 c NA 2.61096e+03 3.2641e+02 13.6 1 0
OBS: 57778.523516 c NA 1.77337e+03 3.2260e+02 13.5 1 0
OBS: 57778.535303 c NA 2.16770e+03 3.2608e+02 13.5 1 0
OBS: 57778.553966 c NA 1.96426e+03 3.3046e+02 13.2 1 0
OBS: 57778.566756 c NA 1.66418e+03 3.1273e+02 13.2 1 0
OBS: 57782.49367 c NA 1.94089e+03 2.8130e+02 13.6 1 0
OBS: 57782.519521 c NA 1.70451e+03 2.9976e+02 13.1 1 0
OBS: 57782.531432 c NA 2.34207e+03 3.3020e+02 13.0 1 0
OBS: 57782.544508 c NA 1.76198e+03 2.8423e+02 13.0 1 0
OBS: 57782.559368 c NA 1.87932e+03 2.9588e+02 12.7 1 0
OBS: 57786.503809 c NA 1.53179e+03 3.1056e+02 13.2 1 0
OBS: 57786.520469 c NA 2.15377e+03 3.1215e+02 13.6 1 0
OBS: 57786.529913 c NA 1.83823e+03 3.6456e+02 15.0 1 0
OBS: 57786.538247 c NA 1.65501e+03 3.4884e+02 14.7 1 0
OBS: 57786.55623 c NA 1.59074e+03 3.0249e+02 13.2 1 0
OBS: 57794.451982 o NA 2.86814e+03 9.8536e+02 56.2 1 0
OBS: 57794.491548 o NA 7.97995e+03 2.4439e+03 45.7 1 0
OBS: 57794.526041 o NA 5.27716e+03 2.1982e+03 45.5 1 0
OBS: 57798.500665 o NA 4.75992e+03 1.2830e+03 34.2 1 0
OBS: 57798.503754 o NA 1.38931e+03 5.8690e+02 36.0 1 0
OBS: 57798.51779 o NA 1.01953e+03 5.2339e+02 35.8 1 0
OBS: 57798.529532 o NA 1.71396e+03 9.4270e+02 31.6 1 0
OBS: 57799.613176 o NA 1.47096e+03 8.5889e+02 28.7 1 0
OBS: 57801.548632 o NA 2.61818e+03 7.1623e+02 25.9 1 0
OBS: 57802.347904 o NA 1.84162e+03 6.2038e+02 21.2 1 0
OBS: 57802.348397 o NA 2.50726e+03 6.4518e+02 20.7 1 0
OBS: 57802.349422 o NA 1.05584e+03 5.5049e+02 21.0 1 0
OBS: 57802.365627 o NA 6.25749e+02 2.8408e+02 17.8 1 0
OBS: 57802.366122 o NA 1.32312e+03 3.6018e+02 17.9 1 0
OBS: 57802.367632 o NA 1.78649e+03 6.5304e+02 20.4 1 0
OBS: 57802.388263 o NA 1.96246e+03 5.2895e+02 19.6 1 0
OBS: 57802.389175 o NA 5.53605e+02 2.8618e+02 17.1 1 0
OBS: 57802.397814 o NA 2.34855e+03 6.7052e+02 20.0 1 0
OBS: 57802.411687 o NA 9.20450e+02 3.0725e+02 18.0 1 0
OBS: 57802.511179 o NA 7.08598e+02 3.6693e+02 22.9 1 0
OBS: 57802.52344 o NA 7.05992e+02 3.8684e+02 23.0 1 0
OBS: 57802.54293 o NA 1.13658e+03 4.4539e+02 24.1 1 0
OBS: 57805.570809 o NA 2.10475e+03 7.2944e+02 22.3 1 0
OBS: 57806.471476 c NA 3.79490e+02 2.1865e+02 13.6 1 0
OBS: 57806.497076 c NA 4.21114e+02 2.3661e+02 13.6 1 0
OBS: 57806.525785 c NA 6.81711e+02 3.0082e+02 13.9 1 0
OBS: 57807.521804 o NA 8.74984e+02 4.7651e+02 17.9 1 0
OBS: 57807.559037 o NA 1.20448e+03 5.2590e+02 18.4 1 0
OBS: 57817.42752 c NA 7.83430e+02 2.9455e+02 17.6 1 0
OBS: 57817.459997 c NA 4.14190e+02 2.2064e+02 13.2 1 0
OBS: 57817.471119 c NA 8.87973e+02 2.6682e+02 13.2 1 0
OBS: 57817.483654 o NA 6.13197e+02 3.5545e+02 17.1 1 0
OBS: 57817.495906 o NA 1.20559e+03 4.2934e+02 17.1 1 0
OBS: 57817.52039 o NA 1.34524e+03 4.7588e+02 17.3 1 0
OBS: 57818.491935 o NA 1.17815e+03 3.6980e+02 18.7 1 0
OBS: 57818.511834 o NA 6.56448e+02 3.0456e+02 15.9 1 0
OBS: 57819.482753 o NA 2.31846e+03 5.9183e+02 24.5 1 0
OBS: 57819.506844 o NA 1.58343e+03 5.7418e+02 23.4 1 0
OBS: 57819.515414 o NA 8.37144e+02 4.6044e+02 22.9 1 0
OBS: 57822.544426 o NA 9.71852e+03 4.5662e+03 124.7 1 0
OBS: 57827.474108 o NA 1.15558e+03 5.8751e+02 33.0 1 0
OBS: 57827.500957 o NA 1.62480e+03 6.6452e+02 33.7 1 0
OBS: 57827.513009 o NA 1.65806e+03 6.3099e+02 34.4 1 0
OBS: 57829.459056 o NA 8.23379e+02 4.7887e+02 25.6 1 0
OBS: 57830.468275 o NA 6.48634e+02 3.7270e+02 35.2 1 0
OBS: 57830.474324 o NA 8.14329e+02 3.8971e+02 35.6 1 0
OBS: 57831.47672 o NA 7.13839e+02 3.9790e+02 21.8 1 0
OBS: 57834.443199 c NA 5.85059e+02 2.7346e+02 19.4 1 0
OBS: 57834.454681 c NA 6.25173e+02 2.9190e+02 19.3 1 0
OBS: 57838.438097 c NA 8.27942e+02 4.0953e+02 18.6 1 0
OBS: 57838.456973 c NA 8.58223e+02 4.2809e+02 18.5 1 0
OBS: 57838.469002 c NA 1.07845e+03 4.2200e+02 18.7 1 0
OBS: 57842.467863 c NA 6.39735e+02 2.6338e+02 20.0 1 0
OBS: 57842.482595 c NA 9.03649e+02 3.9736e+02 23.4 1 0
OBS: 57843.417756 o NA 1.23027e+03 4.7657e+02 18.5 1 0
OBS: 57847.443648 o NA 1.19234e+03 5.2982e+02 24.4 1 0
OBS: 57850.385635 o NA 2.11252e+03 7.0258e+02 58.3 1 0
OBS: 57852.387536 o NA 2.20394e+03 1.2481e+03 51.1 1 0
OBS: 57852.40115 o NA 4.02903e+03 1.3548e+03 51.8 1 0
OBS: 57855.38084 o NA 1.48730e+03 7.6819e+02 39.3 1 0
OBS: 57859.397142 o NA 1.30017e+03 5.0730e+02 37.3 1 0
OBS: 57860.368308 o NA 6.66193e+02 4.0098e+02 27.0 1 0
OBS: 57863.493446 o NA 9.44496e+02 4.4882e+02 33.0 1 0
OBS: 57869.497341 c NA 7.05992e+02 2.2026e+02 27.2 1 0
OBS: 57869.512167 c NA 3.05070e+02 1.8204e+02 28.7 1 0
OBS: 57880.350972 o NA 1.08643e+03 4.7885e+02 38.5 1 0
OBS: 57887.28173 o NA 8.66962e+02 2.5883e+02 21.8 1 0
OBS: 57887.298243 o NA 7.30466e+02 2.5797e+02 22.2 1 0
OBS: 57887.315439 o NA 6.89287e+02 2.9952e+02 26.5 1 0
OBS: 57887.3351 o NA 6.04784e+02 2.9376e+02 29.2 1 0
OBS: 57891.298886 o NA 4.52064e+02 2.6568e+02 22.8 1 0
OBS: 57894.332414 c NA 6.40914e+02 1.9955e+02 15.5 1 0
OBS: 57894.33609 c NA 5.85059e+02 2.0100e+02 15.3 1 0
OBS: 57894.383492 c NA 3.73594e+02 1.9062e+02 18.5 1 0
OBS: 57907.259896 o NA 6.00344e+02 3.5465e+02 31.0 1 0
OBS: 57913.31165 o NA 1.54312e+03 6.0728e+02 44.1 1 0
OBS: 57929.265717 o NA 8.00203e+02 2.9345e+02 21.1 1 0
OBS: 57933.254854 o NA 7.14496e+02 3.4056e+02 32.7 1 0
OBS: 57933.266656 o NA 4.23058e+02 2.4192e+02 23.8 1 0
END_PHOTOMETRY: