SURVEY: ATLAS
SNID: 2017bcb
IACU: 2017bcb
FILTERS: co
TYPE: 1
RA: 65.707125
DECL: -82.069358
PIXSIZE: 1.86
PEAKMJD: 57805.02231479995
REDSHIFT_HELIO: 0.02  +- 0.000
HOSTGAL_OBJID: -9
HOSTGAL_PHOTOZ: -9
HOSTGAL_SPECZ: -9
HOSTGAL_SNSEP: -9
HOSTGAL_LOGMASS: -9
HOSTGAL_MAG: -9
HOSTGAL_SB_FLUXCAL: -9
# ================================
# TERSE LIGHT CURVE OUTPUT
#
NOBS: 107
NVAR: 8
VARLIST: MJD BAND FIELD FLUXCAL FLUXCALERR SKYSIG GAIN PHOTFLAG
OBS: 57757.558341 c NA 7.76247e+02 3.0549e+02 13.9 1 0
OBS: 57761.541792 o NA 1.00647e+03 4.2141e+02 22.1 1 0
OBS: 57765.469382 o NA 4.52898e+03 2.0878e+03 59.7 1 0
OBS: 57765.529341 o NA 2.35288e+03 1.0575e+03 53.5 1 0
OBS: 57769.573995 o NA 1.00832e+03 5.5334e+02 36.8 1 0
OBS: 57777.555579 c NA 8.79023e+02 3.0464e+02 12.9 1 0
OBS: 57777.558132 c NA 6.66807e+02 3.0138e+02 13.0 1 0
OBS: 57777.574594 c NA 7.89223e+03 2.8942e+03 13.1 1 0
OBS: 57781.524458 c NA 4.56667e+02 2.5585e+02 12.8 1 0
OBS: 57781.578371 c NA 5.30152e+02 2.6125e+02 12.9 1 0
OBS: 57789.477367 o NA 1.62480e+03 4.9031e+02 23.6 1 0
OBS: 57789.497898 o NA 1.16305e+03 4.4460e+02 20.6 1 0
OBS: 57789.504133 o NA 8.61390e+02 3.4711e+02 19.2 1 0
OBS: 57793.443571 o NA 2.87078e+03 1.1912e+03 48.3 1 0
OBS: 57793.445911 o NA 2.38122e+03 1.1566e+03 48.3 1 0
OBS: 57793.478361 o NA 1.77992e+03 1.0255e+03 47.2 1 0
OBS: 57797.469996 o NA 2.99226e+03 1.1642e+03 46.3 1 0
OBS: 57797.481791 o NA 3.63747e+03 7.5079e+02 45.5 1 0
OBS: 57797.502482 o NA 1.97151e+03 7.1953e+02 46.8 1 0
OBS: 57797.519291 o NA 5.20475e+03 1.5940e+03 42.1 1 0
OBS: 57797.528905 o NA 1.14183e+03 6.2039e+02 46.6 1 0
OBS: 57799.528477 o NA 2.17370e+03 9.9772e+02 27.2 1 0
OBS: 57799.530616 o NA 1.37658e+03 8.2093e+02 26.8 1 0
OBS: 57799.558836 o NA 3.29610e+03 1.4528e+03 27.9 1 0
OBS: 57801.479539 o NA 9.89008e+02 4.0341e+02 23.0 1 0
OBS: 57801.49097 o NA 1.46825e+03 4.3263e+02 23.2 1 0
OBS: 57801.492464 o NA 9.05316e+02 3.7663e+02 23.1 1 0
OBS: 57801.507985 o NA 2.30144e+03 8.1824e+02 25.2 1 0
OBS: 57801.514006 o NA 1.06463e+03 4.5031e+02 23.3 1 0
OBS: 57801.524586 o NA 1.78649e+03 8.6773e+02 25.5 1 0
OBS: 57801.531951 o NA 8.63774e+02 3.6672e+02 23.4 1 0
OBS: 57801.54975 o NA 3.87972e+03 1.1026e+03 27.0 1 0
OBS: 57802.328633 o NA 1.58198e+03 6.6407e+02 23.2 1 0
OBS: 57802.345557 o NA 1.10969e+03 3.8124e+02 19.1 1 0
OBS: 57802.346058 o NA 1.65806e+03 4.3457e+02 19.1 1 0
OBS: 57802.346561 o NA 1.81301e+03 4.4528e+02 19.0 1 0
OBS: 57802.347408 o NA 1.03562e+03 5.9709e+02 20.6 1 0
OBS: 57802.364126 o NA 1.04520e+03 5.4678e+02 20.3 1 0
OBS: 57802.365132 o NA 7.33838e+02 3.4228e+02 17.6 1 0
OBS: 57802.367614 o NA 1.21339e+03 3.7393e+02 17.5 1 0
OBS: 57802.369134 o NA 1.12409e+03 5.6895e+02 19.8 1 0
OBS: 57802.379188 o NA 9.81748e+02 5.5122e+02 19.0 1 0
OBS: 57802.383194 o NA 1.47096e+03 4.6356e+02 17.3 1 0
OBS: 57802.387179 o NA 1.72346e+03 4.1608e+02 17.1 1 0
OBS: 57802.388176 o NA 2.04174e+03 4.1993e+02 17.1 1 0
OBS: 57802.3998 o NA 1.40994e+03 3.6570e+02 17.4 1 0
OBS: 57802.508071 o NA 2.52813e+03 7.7425e+02 26.2 1 0
OBS: 57802.524696 o NA 1.84332e+03 9.8588e+02 26.5 1 0
OBS: 57803.512415 o NA 1.09547e+03 6.0614e+02 21.8 1 0
OBS: 57805.468367 c NA 1.40605e+03 3.0957e+02 14.1 1 0
OBS: 57805.480155 c NA 1.29658e+03 3.4071e+02 14.1 1 0
OBS: 57805.502317 c NA 1.37658e+03 3.0308e+02 14.2 1 0
OBS: 57807.485991 o NA 8.41783e+02 5.0666e+02 19.1 1 0
OBS: 57807.511085 o NA 7.85597e+02 4.3144e+02 19.0 1 0
OBS: 57807.531054 o NA 3.60413e+03 7.5442e+02 18.3 1 0
OBS: 57809.481748 c NA 1.24738e+03 3.3201e+02 14.5 1 0
OBS: 57809.483246 c NA 8.38687e+02 3.5740e+02 15.1 1 0
OBS: 57809.507599 c NA 9.78138e+02 5.6509e+02 23.0 1 0
OBS: 57817.366865 c NA 1.49417e+03 5.6177e+02 19.8 1 0
OBS: 57817.397891 c NA 1.85183e+03 5.7891e+02 19.2 1 0
OBS: 57817.421081 c NA 7.82708e+02 3.2772e+02 18.4 1 0
OBS: 57817.430982 c NA 1.24853e+03 4.2969e+02 17.7 1 0
OBS: 57817.470724 o NA 1.15345e+03 4.8480e+02 17.5 1 0
OBS: 57817.483109 o NA 1.32801e+03 4.7530e+02 17.6 1 0
OBS: 57819.469422 o NA 9.57635e+02 5.3536e+02 26.7 1 0
OBS: 57827.445819 o NA 2.20394e+03 6.6791e+02 32.4 1 0
OBS: 57827.453778 o NA 1.28351e+03 6.2160e+02 32.5 1 0
OBS: 57829.451605 o NA 1.24624e+03 4.8836e+02 38.5 1 0
OBS: 57833.430357 c NA 1.29778e+03 4.5599e+02 20.1 1 0
OBS: 57835.432157 o NA 1.21004e+03 4.3522e+02 18.3 1 0
OBS: 57837.408613 c NA 8.41783e+02 4.8795e+02 21.6 1 0
OBS: 57837.447068 c NA 8.09841e+03 3.6439e+03 20.9 1 0
OBS: 57837.471645 c NA 6.58870e+02 3.8823e+02 21.8 1 0
OBS: 57840.400825 o NA 2.33131e+03 6.8087e+02 19.3 1 0
OBS: 57841.417913 c NA 7.76247e+02 3.2750e+02 21.1 1 0
OBS: 57851.394581 o NA 2.61336e+03 1.1559e+03 53.0 1 0
OBS: 57852.35853 o NA 3.33580e+03 1.4038e+03 47.2 1 0
OBS: 57852.371708 o NA 1.94805e+03 1.1725e+03 50.4 1 0
OBS: 57852.385122 o NA 4.26187e+03 1.6316e+03 52.5 1 0
OBS: 57853.363208 o NA 1.07251e+04 6.0261e+03 233.3 1 0
OBS: 57859.384413 o NA 1.39316e+03 8.0214e+02 37.3 1 0
OBS: 57869.467202 c NA 3.27793e+02 1.8471e+02 26.9 1 0
OBS: 57869.482059 c NA 5.44503e+02 2.5450e+02 28.8 1 0
OBS: 57869.496807 c NA 4.64301e+02 2.7481e+02 31.2 1 0
OBS: 57880.259902 o NA 9.72747e+02 5.0630e+02 38.2 1 0
OBS: 57880.276559 o NA 1.24738e+03 5.4074e+02 37.2 1 0
OBS: 57887.26408 o NA 7.64892e+02 2.6324e+02 22.0 1 0
OBS: 57889.351889 o NA 4.24229e+02 2.1024e+02 24.5 1 0
OBS: 57913.324688 o NA 1.15239e+03 4.9594e+02 49.2 1 0
OBS: 57917.305791 o NA 9.17065e+02 3.0556e+02 22.0 1 0
OBS: 57917.319068 o NA 4.48332e+02 2.6985e+02 23.7 1 0
OBS: 57917.323596 o NA 9.23847e+02 3.6254e+02 28.2 1 0
OBS: 57917.329763 o NA 9.03649e+02 3.9876e+02 30.5 1 0
OBS: 57920.298967 o NA 1.90722e+03 9.2094e+02 54.7 1 0
OBS: 57920.304512 o NA 2.04362e+03 1.2233e+03 44.3 1 0
OBS: 57920.312902 o NA 8.04637e+02 3.8430e+02 25.7 1 0
OBS: 57920.320994 o NA 4.73369e+02 2.7640e+02 25.7 1 0
OBS: 57926.310154 o NA 4.07756e+02 2.2911e+02 26.3 1 0
OBS: 57926.318683 o NA 1.11584e+03 3.5235e+02 27.0 1 0
OBS: 57926.325658 o NA 7.81988e+02 2.6818e+02 26.3 1 0
OBS: 57926.326609 o NA 4.57088e+02 2.4329e+02 27.9 1 0
OBS: 57928.310635 o NA 9.56753e+02 3.2463e+02 26.9 1 0
OBS: 57928.316059 o NA 1.11686e+03 3.1592e+02 26.1 1 0
OBS: 57928.319111 o NA 7.61377e+02 3.4642e+02 27.7 1 0
OBS: 57928.324497 o NA 8.41783e+02 3.2179e+02 26.8 1 0
OBS: 57928.327083 o NA 5.31618e+02 3.0126e+02 28.3 1 0
OBS: 57932.323848 o NA 1.34153e+03 4.1598e+02 29.9 1 0
END_PHOTOMETRY: