SURVEY: ATLAS
SNID: 2017byj
IACU: 2017byj
FILTERS: co
TYPE: 1
RA: 255.798833
DECL: 61.457261
PIXSIZE: 1.86
PEAKMJD: 57845.45999999996
REDSHIFT_HELIO: 0.02  +- 0.000
HOSTGAL_OBJID: -9
HOSTGAL_PHOTOZ: -9
HOSTGAL_SPECZ: -9
HOSTGAL_SNSEP: -9
HOSTGAL_LOGMASS: -9
HOSTGAL_MAG: -9
HOSTGAL_SB_FLUXCAL: -9
# ================================
# TERSE LIGHT CURVE OUTPUT
#
NOBS: 100
NVAR: 8
VARLIST: MJD BAND FIELD FLUXCAL FLUXCALERR SKYSIG GAIN PHOTFLAG
OBS: 57816.611015 c NA 5.07692e+03 3.3886e+02 12.6 1 0
OBS: 57816.621508 c NA 4.24229e+03 3.6614e+02 12.8 1 0
OBS: 57816.641911 c NA 5.63897e+03 3.7638e+02 13.0 1 0
OBS: 57816.643378 c NA 5.35550e+03 3.7584e+02 13.0 1 0
OBS: 57816.666525 c NA 5.79696e+03 1.9705e+03 67.0 1 0
OBS: 57828.62167 o NA 2.17972e+03 7.7108e+02 51.5 1 0
OBS: 57828.645212 o NA 3.43558e+03 9.6272e+02 61.1 1 0
OBS: 57832.619752 o NA 2.67670e+03 4.6259e+02 33.1 1 0
OBS: 57832.632598 o NA 1.82810e+03 4.7416e+02 33.3 1 0
OBS: 57832.647082 o NA 2.68658e+03 5.4270e+02 43.7 1 0
OBS: 57842.642384 o NA 1.10662e+03 6.5994e+02 35.3 1 0
OBS: 57844.575268 c NA 8.61390e+02 3.6844e+02 14.5 1 0
OBS: 57844.589332 c NA 1.23367e+03 3.5222e+02 14.6 1 0
OBS: 57844.601867 c NA 1.72504e+03 3.5857e+02 15.0 1 0
OBS: 57844.624064 c NA 6.12632e+02 2.7936e+02 15.4 1 0
OBS: 57845.631105 o NA 1.72028e+03 6.2884e+02 21.1 1 0
OBS: 57849.600847 o NA 1.30257e+03 4.5923e+02 19.0 1 0
OBS: 57852.476222 o NA 1.92486e+03 7.2149e+02 61.7 1 0
OBS: 57852.477666 o NA 1.67032e+03 7.0915e+02 62.2 1 0
OBS: 57852.506771 o NA 2.17972e+03 7.3959e+02 60.8 1 0
OBS: 57852.5093 o NA 1.66878e+03 6.0022e+02 60.5 1 0
OBS: 57852.528494 o NA 1.23027e+03 5.8876e+02 60.8 1 0
OBS: 57856.5898 o NA 5.79162e+03 2.3624e+03 125.3 1 0
OBS: 57857.618881 o NA 2.81838e+03 1.5664e+03 63.1 1 0
OBS: 57858.61974 o NA 1.87413e+03 9.3484e+02 42.5 1 0
OBS: 57861.63728 o NA 7.29122e+03 4.3154e+03 129.4 1 0
OBS: 57862.632919 o NA 2.29721e+03 1.1793e+03 79.8 1 0
OBS: 57865.634174 o NA 9.61170e+03 4.1917e+03 140.0 1 0
OBS: 57868.589436 c NA 3.05633e+02 1.8238e+02 27.7 1 0
OBS: 57868.616122 c NA 9.75439e+02 2.6619e+02 29.5 1 0
OBS: 57868.629264 c NA 2.12814e+03 6.5175e+02 58.1 1 0
OBS: 57869.612496 o NA 2.40991e+03 5.8181e+02 33.1 1 0
OBS: 57869.623925 c NA 1.00462e+03 3.0895e+02 37.3 1 0
OBS: 57876.500167 o NA 5.74910e+02 2.4651e+02 23.9 1 0
OBS: 57876.529824 o NA 6.55843e+02 2.2808e+02 25.0 1 0
OBS: 57878.518912 o NA 1.02991e+03 3.9194e+02 28.1 1 0
OBS: 57881.42921 o NA 1.08443e+03 4.7853e+02 45.1 1 0
OBS: 57881.435517 o NA 1.31947e+03 4.9305e+02 45.3 1 0
OBS: 57881.456619 o NA 1.45211e+03 6.9563e+02 44.5 1 0
OBS: 57882.409651 o NA 1.36144e+03 6.3567e+02 53.0 1 0
OBS: 57886.519207 o NA 9.34975e+02 5.1502e+02 40.6 1 0
OBS: 57886.546179 o NA 1.32190e+03 6.0146e+02 42.3 1 0
OBS: 57888.517246 o NA 8.31764e+02 2.4020e+02 31.5 1 0
OBS: 57892.478901 o NA 9.36699e+02 2.5310e+02 22.1 1 0
OBS: 57892.508248 o NA 4.47095e+02 2.5336e+02 24.1 1 0
OBS: 57892.522689 o NA 5.71216e+02 2.2702e+02 24.9 1 0
OBS: 57893.490573 o NA 4.74242e+02 2.7007e+02 22.3 1 0
OBS: 57897.464883 o NA 6.09256e+02 2.3704e+02 20.3 1 0
OBS: 57897.481386 o NA 9.83558e+02 2.4701e+02 20.4 1 0
OBS: 57897.498016 o NA 4.96135e+02 2.3504e+02 21.1 1 0
OBS: 57900.473832 c NA 3.73594e+02 1.6753e+02 15.8 1 0
OBS: 57900.491403 c NA 3.14485e+02 1.6981e+02 15.9 1 0
OBS: 57901.448529 o NA 7.40628e+02 3.2029e+02 20.3 1 0
OBS: 57901.465108 o NA 1.37911e+03 3.8371e+02 20.3 1 0
OBS: 57904.394134 c NA 4.87978e+02 1.7609e+02 16.8 1 0
OBS: 57904.446923 c NA 4.62168e+02 1.7376e+02 15.0 1 0
OBS: 57905.451824 o NA 5.01649e+02 2.3765e+02 21.3 1 0
OBS: 57905.484988 o NA 4.40555e+02 2.4011e+02 24.4 1 0
OBS: 57906.4162 o NA 1.14288e+03 4.6555e+02 38.9 1 0
OBS: 57908.406764 o NA 6.16595e+03 3.0182e+03 144.5 1 0
OBS: 57910.369821 o NA 8.60597e+02 5.0578e+02 43.7 1 0
OBS: 57910.391484 o NA 1.17382e+03 4.8198e+02 43.7 1 0
OBS: 57913.412935 o NA 5.38518e+03 1.7376e+03 73.8 1 0
OBS: 57913.429827 o NA 9.63829e+02 4.4622e+02 50.1 1 0
OBS: 57914.468755 o NA 1.56027e+03 8.3517e+02 47.0 1 0
OBS: 57917.425807 o NA 5.08159e+02 2.8387e+02 28.2 1 0
OBS: 57917.442144 o NA 6.38557e+02 3.3123e+02 29.5 1 0
OBS: 57920.40409 o NA 4.61318e+02 2.0070e+02 16.9 1 0
OBS: 57924.39445 o NA 4.95678e+02 2.2177e+02 16.6 1 0
OBS: 57924.408789 o NA 3.97375e+02 1.9395e+02 16.6 1 0
OBS: 57926.38896 o NA 7.79112e+02 2.2551e+02 18.7 1 0
OBS: 57926.395101 o NA 7.50931e+02 2.4511e+02 18.7 1 0
OBS: 57932.388767 o NA 3.09885e+02 1.6706e+02 16.3 1 0
OBS: 57936.383475 o NA 7.44732e+02 3.3358e+02 29.2 1 0
OBS: 57936.383971 o NA 9.67386e+02 3.4566e+02 29.2 1 0
OBS: 57940.372391 o NA 1.26590e+03 4.7668e+02 35.0 1 0
OBS: 57942.354661 o NA 6.22300e+02 3.5066e+02 44.3 1 0
OBS: 57944.350397 o NA 4.40149e+03 1.8942e+03 87.9 1 0
OBS: 57950.35195 o NA 4.78630e+02 2.0117e+02 19.5 1 0
OBS: 57952.327617 o NA 6.54636e+02 3.7743e+02 27.4 1 0
OBS: 57960.297976 o NA 3.91562e+02 1.8814e+02 16.5 1 0
OBS: 57960.306345 o NA 6.37382e+02 2.2319e+02 16.5 1 0
OBS: 57962.292057 o NA 1.51496e+03 6.9082e+02 41.5 1 0
OBS: 57964.268922 o NA 5.88302e+02 2.8126e+02 25.8 1 0
OBS: 57964.282623 o NA 5.12389e+02 2.8540e+02 26.3 1 0
OBS: 57964.291028 o NA 8.23379e+02 3.2265e+02 26.3 1 0
OBS: 57966.268805 o NA 7.71259e+02 3.0653e+02 31.2 1 0
OBS: 57971.242893 o NA 7.87771e+02 3.7434e+02 54.2 1 0
OBS: 57971.257756 o NA 7.77678e+02 2.9861e+02 36.3 1 0
OBS: 57973.258352 o NA 8.36373e+03 4.3198e+03 96.4 1 0
OBS: 57973.273314 o NA 1.08543e+04 6.2070e+03 120.8 1 0
OBS: 57975.243767 o NA 8.90430e+02 4.2442e+02 46.3 1 0
OBS: 57975.244787 o NA 5.97035e+02 3.0837e+02 39.3 1 0
OBS: 57977.260641 o NA 4.12667e+02 2.1515e+02 17.9 1 0
OBS: 57979.245244 o NA 4.80397e+02 2.3265e+02 28.2 1 0
OBS: 57983.252233 c NA 4.97050e+02 1.6500e+02 15.4 1 0
OBS: 57987.247167 c NA 5.18084e+02 2.3232e+02 19.4 1 0
OBS: 57987.253277 c NA 5.09096e+02 1.7274e+02 16.6 1 0
OBS: 57989.258492 o NA 1.09044e+03 2.9684e+02 22.2 1 0
OBS: 57999.287247 o NA 5.68068e+03 2.8804e+03 128.2 1 0
END_PHOTOMETRY: