SURVEY: ATLAS
SNID: 2017awk
IACU: 2017awk
FILTERS: co
TYPE: 1
RA: 179.892911121
DECL: 4.1780186624
PIXSIZE: 1.86
PEAKMJD: 57755.5829977002
REDSHIFT_HELIO: 0.083  +- 0.000
HOSTGAL_OBJID: -9
HOSTGAL_PHOTOZ: -9
HOSTGAL_SPECZ: -9
HOSTGAL_SNSEP: -9
HOSTGAL_LOGMASS: -9
HOSTGAL_MAG: -9
HOSTGAL_SB_FLUXCAL: -9
# ================================
# TERSE LIGHT CURVE OUTPUT
#
NOBS: 180
NVAR: 8
VARLIST: MJD BAND FIELD FLUXCAL FLUXCALERR SKYSIG GAIN PHOTFLAG
OBS: 57789.661045 o NA 5.70690e+03 6.1124e+02 22.6 1 0
OBS: 57793.632108 o NA 2.77204e+03 9.3381e+02 47.2 1 0
OBS: 57797.662831 o NA 1.27057e+04 8.4805e+02 39.8 1 0
OBS: 57841.644233 c NA 4.31718e+03 5.9840e+02 38.2 1 0
OBS: 57853.546529 o NA 2.63998e+03 1.3949e+03 96.4 1 0
OBS: 57877.570153 o NA 1.96789e+03 3.8445e+02 21.8 1 0
OBS: 57877.580319 o NA 2.40547e+03 3.7498e+02 21.7 1 0
OBS: 57877.600951 o NA 3.87614e+03 3.8635e+02 22.5 1 0
OBS: 57877.619424 o NA 2.66195e+03 4.2735e+02 26.4 1 0
OBS: 57879.611007 o NA 3.15065e+03 3.6068e+02 21.5 1 0
OBS: 57879.627437 o NA 4.76431e+03 1.0524e+03 65.5 1 0
OBS: 57880.619514 o NA 2.94036e+03 4.5608e+02 29.1 1 0
OBS: 57882.53588 o NA 1.54454e+03 5.7448e+02 36.8 1 0
OBS: 57882.549957 o NA 2.54449e+03 6.1962e+02 36.0 1 0
OBS: 57882.56446 o NA 4.65157e+03 6.0395e+02 36.5 1 0
OBS: 57882.580338 o NA 1.15771e+03 4.9336e+02 35.6 1 0
OBS: 57884.625833 o NA 4.90682e+03 1.1502e+03 65.2 1 0
OBS: 57885.552512 o NA 5.20475e+03 6.4648e+02 40.9 1 0
OBS: 57885.557033 o NA 1.02047e+03 4.9759e+02 41.1 1 0
OBS: 57885.574407 o NA 5.35057e+03 8.0069e+02 40.4 1 0
OBS: 57885.597757 o NA 4.00682e+03 6.7102e+02 40.6 1 0
OBS: 57885.615825 o NA 3.30217e+03 7.2704e+02 42.9 1 0
OBS: 57889.53072 o NA 1.78156e+03 4.2387e+02 29.8 1 0
OBS: 57889.556094 o NA 2.76185e+03 5.0449e+02 29.1 1 0
OBS: 57889.584588 o NA 4.18794e+03 6.6260e+02 30.5 1 0
OBS: 57889.603016 o NA 2.65950e+03 5.6828e+02 31.9 1 0
OBS: 57891.610732 o NA 2.44794e+03 4.5818e+02 28.1 1 0
OBS: 57892.61281 o NA 4.31718e+03 4.5529e+02 24.9 1 0
OBS: 57893.537156 c NA 1.04520e+03 2.6967e+02 16.9 1 0
OBS: 57893.541628 c NA 1.91073e+03 3.1412e+02 16.8 1 0
OBS: 57893.560291 c NA 1.87759e+03 3.6123e+02 17.2 1 0
OBS: 57893.578636 c NA 1.52195e+03 3.0520e+02 17.4 1 0
OBS: 57893.598256 c NA 1.82306e+03 3.4258e+02 17.9 1 0
OBS: 57895.606384 o NA 3.63413e+03 3.9222e+02 21.3 1 0
OBS: 57895.622701 o NA 2.87343e+03 1.7242e+03 112.7 1 0
OBS: 57896.580015 o NA 3.58757e+03 3.9309e+02 20.8 1 0
OBS: 57896.593362 o NA 6.16595e+03 3.9563e+02 21.4 1 0
OBS: 57896.597014 o NA 4.82614e+03 3.9210e+02 20.9 1 0
OBS: 57896.609964 o NA 4.70327e+03 4.9988e+02 22.0 1 0
OBS: 57899.590906 o NA 1.77664e+03 2.9207e+02 18.7 1 0
OBS: 57899.608374 o NA 3.34503e+03 3.6102e+02 20.1 1 0
OBS: 57900.57563 o NA 2.26778e+04 4.3441e+02 20.8 1 0
OBS: 57900.588883 o NA 1.03371e+03 4.2614e+02 20.9 1 0
OBS: 57900.593494 o NA 3.49301e+03 5.0900e+02 22.3 1 0
OBS: 57900.606371 o NA 3.18273e+03 4.7379e+02 22.2 1 0
OBS: 57900.610704 o NA 2.31206e+03 4.7383e+02 25.0 1 0
OBS: 57900.623151 o NA 5.73852e+03 1.3693e+03 79.4 1 0
OBS: 57901.515257 c NA 1.67649e+03 2.3503e+02 14.5 1 0
OBS: 57901.519636 c NA 1.51078e+03 2.7141e+02 14.4 1 0
OBS: 57901.54404 c NA 1.21004e+03 3.1385e+02 20.2 1 0
OBS: 57901.560914 c NA 2.68411e+03 2.6531e+02 14.5 1 0
OBS: 57903.579166 o NA 4.42996e+03 3.9351e+02 19.5 1 0
OBS: 57903.596563 o NA 8.48790e+03 3.4460e+02 19.7 1 0
OBS: 57903.613234 o NA 2.36374e+03 3.9586e+02 23.6 1 0
OBS: 57904.57414 o NA 3.71878e+03 4.0441e+02 19.1 1 0
OBS: 57904.592603 o NA 3.44191e+03 3.6015e+02 19.8 1 0
OBS: 57904.610492 o NA 1.54170e+03 3.9987e+02 21.7 1 0
OBS: 57905.455438 o NA 1.95704e+03 3.8812e+02 23.7 1 0
OBS: 57905.476517 o NA 3.14485e+03 4.6074e+02 23.3 1 0
OBS: 57907.564226 o NA 3.47696e+03 4.2907e+02 23.1 1 0
OBS: 57907.577669 o NA 2.37684e+03 4.0895e+02 24.8 1 0
OBS: 57907.596589 o NA 9.14534e+02 3.4960e+02 22.4 1 0
OBS: 57907.614736 o NA 4.15719e+03 5.6632e+02 39.3 1 0
OBS: 57909.567986 o NA 3.20037e+03 4.3852e+02 24.2 1 0
OBS: 57909.581538 o NA 1.32678e+03 3.5672e+02 22.9 1 0
OBS: 57911.551937 o NA 1.27057e+04 5.3131e+03 177.8 1 0
OBS: 57911.572762 o NA 2.78997e+03 6.5201e+02 44.5 1 0
OBS: 57911.591022 o NA 3.12464e+03 1.0102e+03 64.9 1 0
OBS: 57911.608892 o NA 1.29658e+03 4.1918e+02 29.1 1 0
OBS: 57912.563711 o NA 3.08745e+03 7.0842e+02 44.9 1 0
OBS: 57912.582445 o NA 1.73780e+03 5.9492e+02 44.9 1 0
OBS: 57912.6005 o NA 1.56459e+03 7.0637e+02 53.2 1 0
OBS: 57912.618459 o NA 2.09122e+03 9.0545e+02 73.8 1 0
OBS: 57913.490251 o NA 4.26187e+03 1.1315e+03 60.5 1 0
OBS: 57913.525367 o NA 2.61577e+03 8.9390e+02 51.1 1 0
OBS: 57914.55724 o NA 2.01002e+03 8.0443e+02 48.8 1 0
OBS: 57914.59248 o NA 3.74628e+03 1.0373e+03 52.0 1 0
OBS: 57914.609525 o NA 1.95344e+03 9.1591e+02 56.2 1 0
OBS: 57915.566121 o NA 1.55310e+03 4.9726e+02 43.9 1 0
OBS: 57915.584129 o NA 3.34503e+03 7.5085e+02 45.1 1 0
OBS: 57915.601705 o NA 3.44191e+03 6.2353e+02 47.0 1 0
OBS: 57915.619565 o NA 4.13809e+03 1.1623e+03 85.5 1 0
OBS: 57916.537766 o NA 2.24905e+03 5.2877e+02 35.5 1 0
OBS: 57916.555624 o NA 1.80801e+03 5.1857e+02 36.3 1 0
OBS: 57916.573392 o NA 2.61096e+03 5.9909e+02 37.7 1 0
OBS: 57916.591764 o NA 4.23058e+03 5.5268e+02 39.1 1 0
OBS: 57917.47433 o NA 2.01558e+03 4.2190e+02 37.7 1 0
OBS: 57917.493419 o NA 2.85233e+03 4.8641e+02 38.0 1 0
OBS: 57917.517094 o NA 1.98061e+03 7.4921e+02 53.0 1 0
OBS: 57917.523008 o NA 1.27174e+03 6.3319e+02 43.3 1 0
OBS: 57917.548191 o NA 2.18374e+03 5.3936e+02 39.8 1 0
OBS: 57920.472746 o NA 1.47775e+03 3.4326e+02 20.6 1 0
OBS: 57920.487534 o NA 1.96246e+03 3.7756e+02 21.7 1 0
OBS: 57920.488833 o NA 1.96065e+03 3.5667e+02 21.6 1 0
OBS: 57920.498556 o NA 4.10771e+03 3.6833e+02 22.0 1 0
OBS: 57924.456862 o NA 4.37321e+02 2.4448e+02 16.1 1 0
OBS: 57924.472508 o NA 6.98876e+02 3.3210e+02 16.6 1 0
OBS: 57924.474581 o NA 4.92040e+03 4.8227e+02 16.4 1 0
OBS: 57924.480738 o NA 1.40734e+03 4.2197e+02 16.4 1 0
OBS: 57924.482659 o NA 8.18088e+02 2.7459e+02 16.6 1 0
OBS: 57924.483468 o NA 9.41022e+02 2.9179e+02 16.6 1 0
OBS: 57924.501099 o NA 4.96135e+03 4.7803e+02 18.5 1 0
OBS: 57924.50191 o NA 5.07692e+03 5.6460e+02 19.3 1 0
OBS: 57926.495931 o NA 2.94307e+03 3.2247e+02 19.3 1 0
OBS: 57926.497844 o NA 5.75970e+02 2.7146e+02 19.4 1 0
OBS: 57926.509417 o NA 1.17058e+03 3.7552e+02 19.5 1 0
OBS: 57928.453833 o NA 6.83597e+02 2.9131e+02 18.3 1 0
OBS: 57928.478358 o NA 2.83139e+03 3.4253e+02 18.6 1 0
OBS: 57928.488523 o NA 4.18023e+02 2.2905e+02 19.1 1 0
OBS: 57932.435135 o NA 2.15774e+03 3.3972e+02 15.6 1 0
OBS: 57932.452024 o NA 1.35519e+03 3.5703e+02 15.8 1 0
OBS: 57932.460136 o NA 2.02675e+03 3.3475e+02 15.8 1 0
OBS: 57932.46127 o NA 6.65580e+02 2.5215e+02 16.0 1 0
OBS: 57932.472415 o NA 1.46825e+03 3.1054e+02 15.5 1 0
OBS: 57932.472909 o NA 1.49005e+03 3.5242e+02 15.6 1 0
OBS: 57936.448488 o NA 1.66418e+03 3.1646e+02 21.7 1 0
OBS: 57936.466425 o NA 1.62480e+03 3.5656e+02 20.0 1 0
OBS: 57940.431143 o NA 4.11908e+03 4.8160e+02 32.5 1 0
OBS: 57940.435228 o NA 6.83597e+02 3.5821e+02 34.0 1 0
OBS: 57940.446843 o NA 1.37404e+03 4.8689e+02 33.0 1 0
OBS: 57940.447335 o NA 2.20597e+03 4.8727e+02 33.0 1 0
OBS: 57944.411719 o NA 1.99894e+03 5.9677e+02 37.3 1 0
OBS: 57944.426837 o NA 9.42758e+04 1.0097e+04 233.3 1 0
OBS: 57944.428326 o NA 2.21004e+04 6.1195e+03 119.1 1 0
OBS: 57944.434006 o NA 1.19344e+03 5.7514e+02 37.7 1 0
OBS: 57944.435551 o NA 2.65950e+03 4.6770e+02 37.7 1 0
OBS: 57944.436048 o NA 2.85496e+03 6.7323e+02 40.6 1 0
OBS: 57944.445816 o NA 7.57182e+03 3.2147e+03 140.6 1 0
OBS: 57946.45719 o NA 1.16413e+03 3.4679e+02 31.5 1 0
OBS: 57948.423836 o NA 1.32434e+03 5.6855e+02 30.5 1 0
OBS: 57952.436535 o NA 4.91587e+02 2.4634e+02 17.9 1 0
OBS: 57956.406279 o NA 2.12814e+03 3.8392e+02 20.0 1 0
OBS: 57956.424631 o NA 2.43669e+03 3.8174e+02 19.4 1 0
OBS: 57958.427136 o NA 1.47911e+03 2.9115e+02 21.3 1 0
OBS: 57960.389115 o NA 7.73393e+02 3.0523e+02 16.1 1 0
OBS: 57960.389601 o NA 1.55310e+03 3.4306e+02 16.1 1 0
OBS: 57960.394282 o NA 3.31742e+04 3.0414e+02 16.2 1 0
OBS: 57960.405075 o NA 4.65586e+04 3.4180e+02 16.9 1 0
OBS: 57960.405563 o NA 5.20955e+02 2.9584e+02 16.9 1 0
OBS: 57962.424278 o NA 1.51217e+03 3.4267e+02 22.3 1 0
OBS: 57964.389508 o NA 2.70894e+03 3.2772e+02 21.1 1 0
OBS: 57964.40164 o NA 1.69981e+03 3.6198e+02 20.8 1 0
OBS: 57964.402126 o NA 2.03236e+03 3.5278e+02 20.8 1 0
OBS: 57964.412238 o NA 2.72396e+03 3.2954e+02 19.6 1 0
OBS: 57966.400652 o NA 1.19124e+03 3.3302e+02 27.0 1 0
OBS: 57966.412737 o NA 5.17130e+02 2.4698e+02 26.8 1 0
OBS: 57966.425365 o NA 1.51775e+03 5.0290e+02 26.8 1 0
OBS: 57968.391737 o NA 1.02802e+03 5.0417e+02 41.7 1 0
OBS: 57968.401946 o NA 2.92146e+03 1.2012e+03 74.1 1 0
OBS: 57971.405239 o NA 2.47514e+03 5.5382e+02 47.2 1 0
OBS: 57975.371082 o NA 1.68422e+03 4.1131e+02 31.8 1 0
OBS: 57977.36512 o NA 1.29897e+03 4.1914e+02 24.3 1 0
OBS: 57977.372915 o NA 1.77664e+03 4.1017e+02 24.5 1 0
OBS: 57977.383272 o NA 8.43335e+02 3.6161e+02 25.8 1 0
OBS: 57977.395431 o NA 1.01953e+03 4.0350e+02 25.4 1 0
OBS: 57979.36816 o NA 4.37321e+02 2.3779e+02 20.1 1 0
OBS: 57979.387077 o NA 6.83597e+02 3.2318e+02 21.5 1 0
OBS: 57979.387595 o NA 6.04784e+02 2.8268e+02 21.6 1 0
OBS: 57981.360078 o NA 5.41003e+02 2.5127e+02 16.7 1 0
OBS: 57981.368573 o NA 9.22996e+02 3.0583e+02 17.0 1 0
OBS: 57981.378441 o NA 5.54115e+02 2.4679e+02 17.1 1 0
OBS: 57983.359262 c NA 1.45747e+03 2.3960e+02 14.4 1 0
OBS: 57983.37064 c NA 1.42692e+03 2.1688e+02 14.5 1 0
OBS: 57985.343521 o NA 3.15065e+03 3.6837e+02 15.5 1 0
OBS: 57985.357574 o NA 7.23103e+02 2.8739e+02 16.3 1 0
OBS: 57989.328525 o NA 7.49549e+02 3.3764e+02 19.2 1 0
OBS: 57989.338143 o NA 6.04784e+02 3.0830e+02 20.0 1 0
OBS: 57989.346299 o NA 2.17972e+03 3.4318e+02 19.7 1 0
OBS: 57991.37942 c NA 1.56892e+03 2.6034e+02 15.6 1 0
OBS: 57997.31936 o NA 1.81301e+03 4.8255e+02 28.7 1 0
OBS: 57997.34748 o NA 8.36373e+02 4.7296e+02 30.1 1 0
OBS: 57999.329349 o NA 1.18359e+03 6.3100e+02 55.7 1 0
OBS: 57999.337681 o NA 7.63484e+02 3.9263e+02 37.5 1 0
OBS: 57999.356235 o NA 8.12831e+02 4.1801e+02 37.8 1 0
OBS: 58003.292176 o NA 1.34153e+03 4.8252e+02 35.5 1 0
OBS: 58003.303363 o NA 2.41435e+03 5.6593e+02 36.6 1 0
OBS: 58009.287354 o NA 1.79473e+03 3.3458e+02 18.6 1 0
OBS: 58009.294865 o NA 3.26889e+04 3.5930e+02 18.0 1 0
OBS: 58009.302526 o NA 1.73460e+03 3.2856e+02 18.0 1 0
OBS: 58009.310278 o NA 1.46285e+03 3.1470e+02 18.4 1 0
END_PHOTOMETRY: