SURVEY: ATLAS
SNID: 2017ckq
IACU: 2017ckq
FILTERS: co
TYPE: 1
RA: 165.803792
DECL: 11.077811
PIXSIZE: 1.86
PEAKMJD: 57863.252997700125
REDSHIFT_HELIO: 0.021358  +- 0.000
HOSTGAL_OBJID: -9
HOSTGAL_PHOTOZ: -9
HOSTGAL_SPECZ: -9
HOSTGAL_SNSEP: -9
HOSTGAL_LOGMASS: -9
HOSTGAL_MAG: -9
HOSTGAL_SB_FLUXCAL: -9
# ================================
# TERSE LIGHT CURVE OUTPUT
#
NOBS: 128
NVAR: 8
VARLIST: MJD BAND FIELD FLUXCAL FLUXCALERR SKYSIG GAIN PHOTFLAG
OBS: 57787.505779 c NA 8.79023e+02 2.9072e+02 13.6 1 0
OBS: 57787.519575 c NA 5.93198e+02 2.8474e+02 13.6 1 0
OBS: 57803.546302 c NA 9.01156e+02 4.4617e+02 22.8 1 0
OBS: 57804.528401 o NA 2.45245e+03 8.0656e+02 25.0 1 0
OBS: 57804.542696 o NA 1.66725e+03 7.7927e+02 26.7 1 0
OBS: 57807.504699 c NA 5.06291e+02 2.9717e+02 14.6 1 0
OBS: 57808.519098 o NA 1.20448e+03 6.8973e+02 23.6 1 0
OBS: 57823.438734 o NA 4.49159e+03 1.2317e+03 64.9 1 0
OBS: 57834.473454 o NA 2.51884e+03 7.7623e+02 23.3 1 0
OBS: 57835.440607 c NA 6.59478e+03 5.1343e+02 21.2 1 0
OBS: 57835.455707 c NA 5.93745e+03 5.5227e+02 21.9 1 0
OBS: 57835.471577 c NA 7.13839e+03 5.1317e+02 22.9 1 0
OBS: 57835.487401 c NA 6.18871e+03 5.0803e+02 24.1 1 0
OBS: 57835.502997 c NA 6.81083e+03 6.3351e+02 25.9 1 0
OBS: 57837.417314 o NA 1.70294e+04 1.2968e+03 25.2 1 0
OBS: 57837.431909 o NA 1.16413e+04 1.2468e+03 25.9 1 0
OBS: 57837.44705 o NA 1.11481e+04 1.3125e+03 25.8 1 0
OBS: 57837.462217 o NA 3.49301e+04 1.5414e+03 26.1 1 0
OBS: 57838.412139 o NA 2.79254e+04 9.1075e+02 21.3 1 0
OBS: 57838.426733 o NA 2.68658e+04 9.4790e+02 21.3 1 0
OBS: 57838.443414 o NA 2.77204e+04 9.2875e+02 21.3 1 0
OBS: 57838.456502 o NA 2.62785e+04 9.0382e+02 21.0 1 0
OBS: 57839.42535 c NA 4.59621e+04 6.7236e+02 25.6 1 0
OBS: 57839.456696 c NA 4.63874e+04 6.7858e+02 24.4 1 0
OBS: 57839.472082 c NA 4.78189e+04 6.5610e+02 25.0 1 0
OBS: 57839.487984 c NA 4.66874e+04 6.8297e+02 25.5 1 0
OBS: 57842.401959 o NA 8.96190e+04 1.0666e+03 20.8 1 0
OBS: 57842.417784 o NA 9.19602e+04 1.0945e+03 21.5 1 0
OBS: 57842.431461 o NA 8.85523e+04 1.0540e+03 23.3 1 0
OBS: 57842.446712 o NA 8.90430e+04 1.2217e+03 24.4 1 0
OBS: 57843.43254 c NA 1.16091e+05 8.5225e+02 23.2 1 0
OBS: 57843.463326 c NA 1.20116e+05 8.8179e+02 25.5 1 0
OBS: 57845.389183 o NA 1.22574e+05 1.2356e+03 23.1 1 0
OBS: 57845.405466 o NA 1.25661e+05 1.2667e+03 22.6 1 0
OBS: 57845.421275 o NA 1.28588e+05 1.1789e+03 21.2 1 0
OBS: 57845.437624 o NA 1.24509e+05 1.3685e+03 22.6 1 0
OBS: 57846.386469 o NA 1.39830e+05 1.4095e+03 28.2 1 0
OBS: 57846.402739 o NA 1.39059e+05 1.4017e+03 28.1 1 0
OBS: 57846.419012 o NA 1.37278e+05 1.3838e+03 28.2 1 0
OBS: 57846.43478 o NA 1.37404e+05 1.2597e+03 27.4 1 0
OBS: 57847.405558 c NA 1.69981e+05 1.0924e+03 40.9 1 0
OBS: 57847.421245 c NA 1.71554e+05 1.2594e+03 41.3 1 0
OBS: 57847.436942 c NA 1.71080e+05 1.4123e+03 41.7 1 0
OBS: 57847.452045 c NA 1.66571e+05 1.2228e+03 41.7 1 0
OBS: 57847.467796 c NA 1.67032e+05 1.2262e+03 40.6 1 0
OBS: 57849.356477 o NA 1.49417e+05 1.3699e+03 35.5 1 0
OBS: 57849.371123 o NA 1.50245e+05 1.3775e+03 35.8 1 0
OBS: 57849.386353 o NA 1.49692e+05 1.5089e+03 36.3 1 0
OBS: 57849.401103 o NA 1.53179e+05 1.5441e+03 37.0 1 0
OBS: 57850.350287 o NA 1.57761e+05 1.5903e+03 44.1 1 0
OBS: 57850.365499 o NA 1.56027e+05 1.4305e+03 44.9 1 0
OBS: 57850.380677 o NA 1.53886e+05 1.5512e+03 45.3 1 0
OBS: 57850.395768 o NA 1.51356e+05 1.6636e+03 46.1 1 0
OBS: 57851.389105 o NA 1.55024e+05 1.5627e+03 75.2 1 0
OBS: 57851.405287 o NA 1.52475e+05 1.5370e+03 76.9 1 0
OBS: 57851.421463 o NA 1.55310e+05 1.5656e+03 79.1 1 0
OBS: 57851.437672 o NA 1.51635e+05 1.6667e+03 82.8 1 0
OBS: 57851.453914 o NA 1.53038e+05 1.6821e+03 87.9 1 0
OBS: 57855.427413 o NA 1.44544e+05 1.8519e+03 88.3 1 0
OBS: 57855.441167 o NA 1.43351e+05 1.7062e+03 92.5 1 0
OBS: 57855.455441 o NA 1.42692e+05 1.8281e+03 98.6 1 0
OBS: 57857.365035 o NA 1.82138e+05 2.9803e+04 285.8 1 0
OBS: 57857.379262 o NA 1.33783e+05 8.0080e+04 549.5 1 0
OBS: 57857.393242 o NA 1.31947e+05 4.7727e+03 107.2 1 0
OBS: 57858.387306 o NA 1.20781e+05 1.3276e+03 37.8 1 0
OBS: 57858.400263 o NA 1.21675e+05 1.4482e+03 39.8 1 0
OBS: 57858.414966 o NA 1.22236e+05 1.5661e+03 41.9 1 0
OBS: 57858.429491 o NA 1.23937e+05 1.7005e+03 44.7 1 0
OBS: 57859.37906 o NA 1.17923e+05 9.7346e+02 45.1 1 0
OBS: 57859.393628 o NA 1.14393e+05 9.4432e+02 48.1 1 0
OBS: 57859.408207 o NA 1.15027e+05 1.0546e+03 50.4 1 0
OBS: 57859.423313 o NA 1.15027e+05 1.1595e+03 52.2 1 0
OBS: 57859.43787 o NA 1.16305e+05 1.1724e+03 55.2 1 0
OBS: 57863.384829 c NA 1.15239e+05 8.4599e+02 28.4 1 0
OBS: 57863.396932 c NA 1.17058e+05 8.5934e+02 29.4 1 0
OBS: 57863.408986 c NA 1.16950e+05 8.5855e+02 29.5 1 0
OBS: 57863.420498 c NA 1.15664e+05 8.4912e+02 29.6 1 0
OBS: 57867.387687 c NA 8.29469e+04 4.3147e+03 89.9 1 0
OBS: 57867.400778 c NA 2.13403e+05 5.3888e+04 191.4 1 0
OBS: 57867.413336 c NA 9.31537e+04 5.0894e+03 118.0 1 0
OBS: 57871.348838 c NA 7.53009e+04 5.5280e+02 23.2 1 0
OBS: 57871.364632 c NA 7.37904e+04 5.4171e+02 23.7 1 0
OBS: 57871.380388 c NA 7.38584e+04 5.4221e+02 23.7 1 0
OBS: 57871.395633 c NA 7.42677e+04 5.4521e+02 24.0 1 0
OBS: 57871.411606 c NA 7.57879e+04 6.2563e+02 24.7 1 0
OBS: 57879.328328 o NA 6.74839e+04 8.0320e+02 53.7 1 0
OBS: 57879.344026 o NA 6.68652e+04 7.9583e+02 55.2 1 0
OBS: 57879.359793 o NA 6.79829e+04 8.7098e+02 57.5 1 0
OBS: 57879.375512 o NA 6.64967e+04 1.0331e+03 60.8 1 0
OBS: 57881.279994 o NA 6.29216e+04 1.0346e+03 53.2 1 0
OBS: 57881.292682 o NA 6.18871e+04 9.0531e+02 54.0 1 0
OBS: 57881.305775 o NA 6.26902e+04 1.0307e+03 54.2 1 0
OBS: 57881.318887 o NA 6.12632e+04 1.1182e+03 55.0 1 0
OBS: 57883.37758 o NA 5.09565e+04 1.7526e+03 70.1 1 0
OBS: 57886.262518 o NA 4.24229e+04 5.4351e+02 25.5 1 0
OBS: 57886.27673 o NA 4.29339e+04 5.8907e+02 29.9 1 0
OBS: 57886.291766 o NA 4.34911e+04 6.3621e+02 35.3 1 0
OBS: 57886.306427 o NA 4.29339e+04 7.0592e+02 38.0 1 0
OBS: 57887.365234 o NA 4.00313e+04 8.3910e+02 45.5 1 0
OBS: 57893.24953 o NA 3.09885e+04 4.8143e+02 26.3 1 0
OBS: 57893.26293 o NA 3.20332e+04 4.3951e+02 24.8 1 0
OBS: 57893.280503 o NA 3.12752e+04 4.5751e+02 25.4 1 0
OBS: 57893.297957 o NA 3.18566e+04 4.6601e+02 25.4 1 0
OBS: 57895.289724 c NA 2.14783e+04 4.1144e+02 17.7 1 0
OBS: 57895.305003 c NA 2.15774e+04 4.9116e+02 18.6 1 0
OBS: 57895.320787 c NA 2.28455e+04 4.3762e+02 17.5 1 0
OBS: 57895.337097 c NA 2.15973e+04 4.7217e+02 18.8 1 0
OBS: 57897.275077 o NA 2.66932e+04 4.6306e+02 23.3 1 0
OBS: 57897.291589 o NA 2.92146e+04 6.6501e+02 22.6 1 0
OBS: 57899.277759 c NA 2.04739e+04 3.9219e+02 20.3 1 0
OBS: 57899.293152 c NA 1.97515e+04 4.1401e+02 18.7 1 0
OBS: 57899.308484 c NA 2.07970e+04 3.7959e+02 17.9 1 0
OBS: 57899.323797 c NA 2.11057e+04 3.8522e+02 18.0 1 0
OBS: 57899.340648 c NA 2.14190e+04 4.2964e+02 19.0 1 0
OBS: 57903.269286 c NA 1.86896e+04 3.9175e+02 22.7 1 0
OBS: 57903.282093 c NA 1.88452e+04 4.2897e+02 23.1 1 0
OBS: 57903.29804 c NA 1.90897e+04 4.5171e+02 23.9 1 0
OBS: 57903.312921 c NA 1.89845e+04 4.6628e+02 24.3 1 0
OBS: 57903.328255 c NA 1.80967e+04 4.9319e+02 25.7 1 0
OBS: 57907.299473 o NA 1.78978e+04 8.3699e+02 44.9 1 0
OBS: 57907.313712 o NA 2.07778e+04 1.0263e+03 48.5 1 0
OBS: 57911.291974 o NA 1.54882e+04 5.0842e+03 118.6 1 0
OBS: 57922.251848 o NA 1.15133e+04 6.1899e+02 33.1 1 0
OBS: 57922.255786 o NA 1.02235e+04 6.5598e+02 30.6 1 0
OBS: 57922.261716 o NA 1.05196e+04 5.1040e+02 27.2 1 0
OBS: 57922.270114 o NA 1.14921e+04 4.5641e+02 26.3 1 0
OBS: 57923.25694 o NA 1.15452e+04 3.4094e+03 96.8 1 0
OBS: 57923.262756 o NA 1.35270e+04 1.8964e+03 70.1 1 0
END_PHOTOMETRY: