SURVEY: ATLAS
SNID: 2017aaa
IACU: 2017aaa
FILTERS: co
TYPE: 1
RA: 207.45475
DECL: -3.080081
PIXSIZE: 1.86
PEAKMJD: 57783.59099540021
REDSHIFT_HELIO: 0.047  +- 0.000
HOSTGAL_OBJID: -9
HOSTGAL_PHOTOZ: -9
HOSTGAL_SPECZ: -9
HOSTGAL_SNSEP: -9
HOSTGAL_LOGMASS: -9
HOSTGAL_MAG: -9
HOSTGAL_SB_FLUXCAL: -9
# ================================
# TERSE LIGHT CURVE OUTPUT
#
NOBS: 116
NVAR: 8
VARLIST: MJD BAND FIELD FLUXCAL FLUXCALERR SKYSIG GAIN PHOTFLAG
OBS: 57788.665724 o NA 4.72933e+03 5.2207e+02 22.6 1 0
OBS: 57788.674911 o NA 6.26902e+03 1.0499e+03 50.6 1 0
OBS: 57792.652984 o NA 7.52315e+03 4.8919e+02 23.1 1 0
OBS: 57792.670311 o NA 7.75532e+03 8.2426e+02 42.9 1 0
OBS: 57804.640159 c NA 1.16950e+04 5.2636e+02 20.1 1 0
OBS: 57804.644347 c NA 1.01765e+04 4.8484e+02 20.2 1 0
OBS: 57804.665688 c NA 1.08143e+04 8.4193e+02 33.3 1 0
OBS: 57808.617226 c NA 9.12851e+03 4.2689e+02 16.2 1 0
OBS: 57808.63506 c NA 8.74984e+03 4.3220e+02 16.4 1 0
OBS: 57808.649953 c NA 9.28966e+03 5.3176e+02 20.1 1 0
OBS: 57808.662366 c NA 7.71969e+03 6.4023e+02 26.4 1 0
OBS: 57816.539057 c NA 4.94311e+03 3.8484e+02 13.4 1 0
OBS: 57816.561845 c NA 5.60273e+03 3.7396e+02 13.6 1 0
OBS: 57816.573778 c NA 5.59758e+03 3.3983e+02 13.7 1 0
OBS: 57816.592912 c NA 5.85599e+03 3.4029e+02 13.8 1 0
OBS: 57816.608053 c NA 5.64417e+03 3.1818e+02 14.0 1 0
OBS: 57816.649186 o NA 4.27366e+03 6.0253e+02 20.8 1 0
OBS: 57818.640945 o NA 4.25402e+03 5.1464e+02 19.0 1 0
OBS: 57818.655388 o NA 3.37909e+03 9.0851e+02 36.1 1 0
OBS: 57820.615793 o NA 3.77398e+03 7.0072e+02 21.5 1 0
OBS: 57820.629861 o NA 3.81593e+03 8.8638e+02 24.0 1 0
OBS: 57820.643402 o NA 3.15355e+03 5.6176e+02 19.0 1 0
OBS: 57820.65741 o NA 4.95678e+03 9.1661e+02 33.6 1 0
OBS: 57828.571073 o NA 4.34911e+03 1.2388e+03 75.5 1 0
OBS: 57828.585599 o NA 6.09256e+03 1.2664e+03 75.5 1 0
OBS: 57828.604662 o NA 3.56123e+03 1.1690e+03 75.9 1 0
OBS: 57828.611091 o NA 5.63378e+03 1.8944e+03 57.8 1 0
OBS: 57828.615825 o NA 5.59242e+03 1.1788e+03 76.9 1 0
OBS: 57828.624591 o NA 3.17980e+03 1.8296e+03 59.4 1 0
OBS: 57828.632908 o NA 2.66440e+03 1.0185e+03 78.0 1 0
OBS: 57828.63759 o NA 5.13807e+03 1.8752e+03 61.1 1 0
OBS: 57828.651669 o NA 6.25749e+03 3.6847e+03 91.6 1 0
OBS: 57830.601208 o NA 3.77746e+03 6.8147e+02 30.8 1 0
OBS: 57830.614652 o NA 8.29469e+03 8.3364e+02 31.6 1 0
OBS: 57830.628671 o NA 4.07380e+03 7.3185e+02 32.2 1 0
OBS: 57830.642361 o NA 3.25387e+03 7.8101e+02 35.0 1 0
OBS: 57832.562298 o NA 3.67451e+03 5.3256e+02 35.0 1 0
OBS: 57832.578782 o NA 3.89404e+03 5.5824e+02 35.0 1 0
OBS: 57832.59283 o NA 2.54449e+03 6.4078e+02 24.1 1 0
OBS: 57832.594044 o NA 3.63413e+03 5.4098e+02 35.6 1 0
OBS: 57832.607254 o NA 2.13993e+03 5.9539e+02 24.2 1 0
OBS: 57832.614806 o NA 2.29509e+03 5.3959e+02 36.6 1 0
OBS: 57832.621874 o NA 1.86896e+03 5.6639e+02 25.1 1 0
OBS: 57832.626755 o NA 3.67790e+03 5.5901e+02 37.3 1 0
OBS: 57832.636672 o NA 3.90481e+03 6.3592e+02 26.8 1 0
OBS: 57833.5814 o NA 2.04927e+03 5.4128e+02 23.2 1 0
OBS: 57833.595961 o NA 3.02552e+03 5.8434e+02 23.6 1 0
OBS: 57833.610582 o NA 3.25987e+03 5.9792e+02 24.0 1 0
OBS: 57833.625182 o NA 1.95164e+03 5.6361e+02 24.5 1 0
OBS: 57834.589747 o NA 2.26778e+03 5.0092e+02 20.9 1 0
OBS: 57834.604316 o NA 3.90841e+03 6.1838e+02 20.7 1 0
OBS: 57834.618751 o NA 4.41774e+03 5.6295e+02 21.3 1 0
OBS: 57834.633303 o NA 3.17980e+03 5.3252e+02 22.8 1 0
OBS: 57836.56858 c NA 3.00608e+03 4.5925e+02 24.4 1 0
OBS: 57837.577217 o NA 1.97879e+03 5.3601e+02 20.2 1 0
OBS: 57837.591904 o NA 2.95665e+03 5.5561e+02 19.9 1 0
OBS: 57837.606629 o NA 1.57181e+03 4.7230e+02 20.0 1 0
OBS: 57838.571872 o NA 1.89322e+03 5.1791e+02 18.7 1 0
OBS: 57838.586597 o NA 1.80136e+03 5.5742e+02 19.7 1 0
OBS: 57838.601332 o NA 1.35021e+03 5.0298e+02 19.8 1 0
OBS: 57840.54683 c NA 2.60856e+03 4.4882e+02 24.8 1 0
OBS: 57842.562139 o NA 1.33783e+03 5.3615e+02 20.8 1 0
OBS: 57842.576334 o NA 2.52813e+03 6.3317e+02 21.2 1 0
OBS: 57842.591137 o NA 1.59514e+03 6.2865e+02 22.0 1 0
OBS: 57844.514308 c NA 1.24738e+03 3.5531e+02 15.6 1 0
OBS: 57844.53272 c NA 1.29300e+03 3.7509e+02 16.1 1 0
OBS: 57844.547575 c NA 2.00447e+03 4.0786e+02 16.0 1 0
OBS: 57844.561194 c NA 1.82642e+03 3.8364e+02 16.5 1 0
OBS: 57844.582556 c NA 1.21563e+03 3.9073e+02 16.8 1 0
OBS: 57845.550242 o NA 1.63080e+03 5.7690e+02 21.3 1 0
OBS: 57845.565464 o NA 9.81748e+02 5.1830e+02 22.0 1 0
OBS: 57845.581299 o NA 1.63080e+03 6.1314e+02 22.7 1 0
OBS: 57845.59662 o NA 4.10015e+03 7.0546e+02 23.1 1 0
OBS: 57846.547434 o NA 1.82306e+03 5.8140e+02 21.8 1 0
OBS: 57846.578585 o NA 1.27997e+03 4.9654e+02 21.6 1 0
OBS: 57852.411156 o NA 3.66775e+03 1.1559e+03 83.6 1 0
OBS: 57852.442887 o NA 3.84769e+03 1.1137e+03 83.2 1 0
OBS: 57857.515553 o NA 6.97590e+04 4.0839e+04 320.6 1 0
OBS: 57858.538808 o NA 1.91249e+03 9.2531e+02 40.7 1 0
OBS: 57865.559691 o NA 2.19786e+03 7.7094e+02 39.3 1 0
OBS: 57868.528012 c NA 6.84227e+02 2.2798e+02 29.5 1 0
OBS: 57868.581049 c NA 1.06561e+03 3.6287e+02 33.7 1 0
OBS: 57869.563362 o NA 1.72663e+03 6.2306e+02 36.1 1 0
OBS: 57878.458167 o NA 1.37784e+03 5.2435e+02 35.2 1 0
OBS: 57886.434924 o NA 1.39444e+03 5.2987e+02 37.7 1 0
OBS: 57886.449179 o NA 1.12512e+03 5.7050e+02 38.9 1 0
OBS: 57892.471014 o NA 6.49232e+02 2.3580e+02 25.4 1 0
OBS: 57893.426099 o NA 1.39573e+03 5.8289e+02 22.1 1 0
OBS: 57897.416758 o NA 6.91831e+02 2.6210e+02 22.4 1 0
OBS: 57898.411033 o NA 5.73852e+02 3.1634e+02 22.3 1 0
OBS: 57900.404491 c NA 3.72220e+02 1.8079e+02 16.7 1 0
OBS: 57900.421881 c NA 4.21891e+02 2.0770e+02 17.3 1 0
OBS: 57900.438958 c NA 1.28706e+03 2.7222e+02 17.6 1 0
OBS: 57900.474361 c NA 6.92468e+02 2.4537e+02 19.2 1 0
OBS: 57904.387035 c NA 4.09261e+02 1.8415e+02 19.4 1 0
OBS: 57906.349553 o NA 2.83923e+03 1.3423e+03 62.5 1 0
OBS: 57913.364458 o NA 1.13344e+03 6.6312e+02 60.8 1 0
OBS: 57916.351049 o NA 5.99791e+02 2.8646e+02 34.2 1 0
OBS: 57918.333584 o NA 4.52064e+02 2.2000e+02 19.1 1 0
OBS: 57920.368544 o NA 5.35550e+02 1.9826e+02 20.5 1 0
OBS: 57920.374141 o NA 6.28637e+02 2.0675e+02 20.6 1 0
OBS: 57924.361395 o NA 4.33711e+02 2.0272e+02 21.5 1 0
OBS: 57924.371589 o NA 5.47520e+02 1.9693e+02 21.4 1 0
OBS: 57927.362536 o NA 4.87978e+02 2.3353e+02 19.5 1 0
OBS: 57931.359162 o NA 5.87760e+02 3.2230e+02 27.0 1 0
OBS: 57939.33432 o NA 1.28233e+03 6.4846e+02 41.5 1 0
OBS: 57943.318349 o NA 1.87932e+03 8.0087e+02 62.5 1 0
OBS: 57945.285766 o NA 6.39735e+02 2.9172e+02 31.0 1 0
OBS: 57949.308696 o NA 5.34072e+02 2.0080e+02 23.2 1 0
OBS: 57951.290845 o NA 4.69462e+02 2.3525e+02 23.2 1 0
OBS: 57961.292044 o NA 4.56667e+02 2.1142e+02 25.9 1 0
OBS: 57961.310289 o NA 6.97590e+02 2.5541e+02 26.8 1 0
OBS: 57973.255476 o NA 8.37915e+02 4.0300e+02 47.6 1 0
OBS: 57974.261488 o NA 7.58578e+02 3.2726e+02 39.4 1 0
OBS: 57976.260177 o NA 6.87385e+02 2.7963e+02 25.6 1 0
OBS: 57978.250225 o NA 9.09494e+02 3.4090e+02 32.8 1 0
END_PHOTOMETRY: