SURVEY: ATLAS
SNID: 2017cir
IACU: 2017cir
FILTERS: co
TYPE: 1
RA: 79.021
DECL: -16.125331
PIXSIZE: 1.86
PEAKMJD: 57858.68000000017
REDSHIFT_HELIO: 0.072  +- 0.000
HOSTGAL_OBJID: -9
HOSTGAL_PHOTOZ: -9
HOSTGAL_SPECZ: -9
HOSTGAL_SNSEP: -9
HOSTGAL_LOGMASS: -9
HOSTGAL_MAG: -9
HOSTGAL_SB_FLUXCAL: -9
# ================================
# TERSE LIGHT CURVE OUTPUT
#
NOBS: 94
NVAR: 8
VARLIST: MJD BAND FIELD FLUXCAL FLUXCALERR SKYSIG GAIN PHOTFLAG
OBS: 57779.438476 c NA 6.17163e+02 2.9327e+02 14.0 1 0
OBS: 57799.40483 o NA 7.24436e+02 4.3603e+02 28.3 1 0
OBS: 57804.408664 o NA 3.60081e+03 1.5364e+03 23.6 1 0
OBS: 57818.359677 o NA 9.21298e+02 5.5452e+02 27.3 1 0
OBS: 57819.390236 o NA 1.86380e+03 1.0883e+03 34.7 1 0
OBS: 57823.362132 o NA 2.76439e+03 1.2255e+03 57.3 1 0
OBS: 57823.377101 o NA 3.87972e+03 1.7827e+03 59.2 1 0
OBS: 57823.40767 o NA 4.95678e+03 1.6210e+03 61.9 1 0
OBS: 57826.433553 o NA 4.49573e+03 1.3596e+03 69.5 1 0
OBS: 57826.447453 o NA 2.32060e+03 1.2180e+03 73.8 1 0
OBS: 57827.368504 o NA 3.12752e+03 6.8859e+02 50.1 1 0
OBS: 57827.383455 o NA 3.72220e+03 7.9536e+02 51.3 1 0
OBS: 57827.398063 o NA 2.96210e+03 7.9440e+02 53.2 1 0
OBS: 57828.315621 o NA 2.59179e+03 5.9469e+02 22.6 1 0
OBS: 57828.33018 o NA 1.33045e+03 5.7327e+02 23.9 1 0
OBS: 57828.344821 o NA 1.43747e+03 6.0877e+02 27.8 1 0
OBS: 57830.29526 o NA 1.71080e+03 5.5947e+02 19.6 1 0
OBS: 57830.325008 o NA 3.32660e+03 5.5200e+02 19.1 1 0
OBS: 57830.339912 o NA 2.36592e+03 6.7392e+02 19.5 1 0
OBS: 57831.344213 o NA 3.14775e+03 5.0534e+02 30.6 1 0
OBS: 57831.358702 o NA 2.45697e+03 5.1071e+02 30.1 1 0
OBS: 57831.373758 o NA 2.92685e+03 5.7180e+02 30.9 1 0
OBS: 57831.38875 o NA 3.30522e+03 5.4591e+02 30.9 1 0
OBS: 57831.404508 o NA 2.82879e+03 5.2522e+02 31.2 1 0
OBS: 57832.283234 o NA 1.31462e+03 5.0998e+02 22.5 1 0
OBS: 57832.298724 o NA 3.24190e+03 5.1293e+02 22.2 1 0
OBS: 57832.314596 o NA 3.01439e+03 5.0713e+02 21.8 1 0
OBS: 57832.329964 o NA 1.21899e+03 4.6111e+02 21.9 1 0
OBS: 57833.279669 o NA 2.80802e+03 5.4024e+02 22.1 1 0
OBS: 57833.295104 o NA 1.33537e+03 5.4396e+02 21.7 1 0
OBS: 57833.310587 o NA 2.31633e+03 5.6567e+02 21.5 1 0
OBS: 57833.325919 o NA 1.82138e+03 5.7629e+02 21.4 1 0
OBS: 57834.311748 o NA 1.46555e+03 7.0767e+02 22.9 1 0
OBS: 57834.32614 o NA 1.37404e+03 5.9994e+02 22.9 1 0
OBS: 57835.339952 c NA 2.76694e+03 5.3028e+02 21.5 1 0
OBS: 57835.355004 c NA 2.68164e+03 4.7363e+02 21.6 1 0
OBS: 57835.371226 c NA 3.39782e+03 5.1909e+02 22.1 1 0
OBS: 57835.387007 c NA 3.24190e+03 5.0789e+02 22.3 1 0
OBS: 57835.402629 c NA 3.60745e+03 5.5112e+02 23.1 1 0
OBS: 57837.299884 o NA 2.69401e+03 6.6166e+02 25.8 1 0
OBS: 57837.314968 o NA 1.26125e+03 5.7005e+02 25.1 1 0
OBS: 57838.263086 o NA 2.92685e+03 6.9225e+02 20.6 1 0
OBS: 57838.279279 o NA 3.56451e+03 6.2686e+02 20.3 1 0
OBS: 57838.309446 o NA 1.98427e+03 5.7822e+02 20.0 1 0
OBS: 57839.326407 c NA 3.67790e+03 5.4173e+02 23.7 1 0
OBS: 57839.342322 c NA 2.60136e+03 5.0628e+02 22.9 1 0
OBS: 57839.357587 c NA 3.61743e+03 6.0303e+02 25.7 1 0
OBS: 57839.373517 c NA 2.29509e+03 7.7034e+02 29.2 1 0
OBS: 57839.388872 c NA 2.75423e+03 5.2374e+02 24.3 1 0
OBS: 57842.250208 o NA 2.69153e+03 4.9974e+02 20.9 1 0
OBS: 57842.266536 o NA 2.26986e+03 5.2243e+02 20.8 1 0
OBS: 57842.282916 o NA 1.81635e+03 5.1258e+02 21.2 1 0
OBS: 57842.299202 o NA 1.81301e+03 5.3892e+02 21.2 1 0
OBS: 57843.320318 c NA 7.69130e+02 4.1136e+02 24.0 1 0
OBS: 57843.335881 c NA 2.99502e+03 4.8776e+02 23.8 1 0
OBS: 57843.351032 c NA 1.78156e+03 4.9212e+02 23.9 1 0
OBS: 57843.366202 c NA 8.64570e+02 4.0453e+02 24.3 1 0
OBS: 57843.382679 c NA 1.04809e+03 4.8107e+02 25.1 1 0
OBS: 57845.248233 o NA 1.95344e+03 6.0199e+02 25.2 1 0
OBS: 57845.260797 o NA 1.77992e+03 6.3282e+02 24.5 1 0
OBS: 57845.277636 o NA 1.32923e+03 5.8928e+02 24.9 1 0
OBS: 57845.293452 o NA 3.24190e+03 7.2075e+02 24.5 1 0
OBS: 57847.305922 c NA 1.16627e+03 6.9028e+02 44.5 1 0
OBS: 57847.368932 c NA 2.10475e+03 9.1898e+02 50.6 1 0
OBS: 57849.239693 o NA 1.93197e+03 8.5550e+02 37.3 1 0
OBS: 57849.282389 o NA 1.58198e+03 8.3035e+02 39.6 1 0
OBS: 57851.332227 o NA 3.76704e+03 1.0153e+03 67.9 1 0
OBS: 57853.236379 o NA 1.57616e+03 9.1547e+02 44.9 1 0
OBS: 57853.250232 o NA 1.60990e+03 9.0780e+02 44.7 1 0
OBS: 57853.273307 o NA 1.45613e+03 8.6999e+02 45.9 1 0
OBS: 57854.251895 o NA 2.00817e+03 1.0381e+03 47.4 1 0
OBS: 57855.332767 o NA 3.20037e+03 1.7748e+03 115.3 1 0
OBS: 57855.345449 o NA 7.08598e+03 4.0854e+03 103.8 1 0
OBS: 57859.288541 o NA 1.64286e+03 6.7725e+02 37.8 1 0
OBS: 57859.300754 o NA 1.81635e+03 6.5330e+02 38.9 1 0
OBS: 57859.313876 o NA 1.88625e+03 7.0919e+02 39.6 1 0
OBS: 57859.328039 o NA 2.70396e+03 6.5846e+02 38.7 1 0
OBS: 57863.296816 c NA 7.13181e+02 3.7713e+02 27.3 1 0
OBS: 57863.321482 c NA 1.11071e+03 3.9949e+02 28.4 1 0
OBS: 57865.310694 o NA 9.64717e+02 5.6734e+02 39.8 1 0
OBS: 57865.322543 o NA 1.42167e+03 7.0454e+02 43.3 1 0
OBS: 57866.322024 o NA 1.99343e+03 8.8884e+02 44.3 1 0
OBS: 57869.32611 o NA 2.14190e+03 7.0178e+02 38.9 1 0
OBS: 57871.289743 c NA 7.88497e+02 2.7137e+02 27.4 1 0
OBS: 57879.239596 o NA 8.97842e+02 5.2869e+02 57.5 1 0
OBS: 57879.272696 o NA 1.50107e+03 4.2559e+02 46.3 1 0
OBS: 57879.288593 o NA 1.17706e+03 5.0718e+02 48.3 1 0
OBS: 57883.246923 o NA 2.12227e+03 5.3591e+02 50.8 1 0
OBS: 57883.306024 o NA 1.27997e+03 6.3906e+02 63.1 1 0
OBS: 57887.240137 o NA 3.31742e+03 1.0032e+03 56.5 1 0
OBS: 58028.576326 o NA 6.04784e+02 3.5174e+02 25.4 1 0
OBS: 58034.563365 o NA 1.29300e+03 6.2250e+02 61.4 1 0
OBS: 58036.578965 o NA 1.59368e+03 5.7508e+02 39.6 1 0
OBS: 58037.584486 o NA 9.67386e+02 4.2738e+02 37.5 1 0
END_PHOTOMETRY: