SURVEY: ATLAS
SNID: 2017bzg
IACU: 2017bzg
FILTERS: co
TYPE: 1
RA: 145.071375
DECL: -3.29185
PIXSIZE: 1.86
PEAKMJD: 57843.89299769979
REDSHIFT_HELIO: 0.068  +- 0.000
HOSTGAL_OBJID: -9
HOSTGAL_PHOTOZ: -9
HOSTGAL_SPECZ: -9
HOSTGAL_SNSEP: -9
HOSTGAL_LOGMASS: -9
HOSTGAL_MAG: -9
HOSTGAL_SB_FLUXCAL: -9
# ================================
# TERSE LIGHT CURVE OUTPUT
#
NOBS: 78
NVAR: 8
VARLIST: MJD BAND FIELD FLUXCAL FLUXCALERR SKYSIG GAIN PHOTFLAG
OBS: 57783.630002 c NA 6.58870e+02 3.1309e+02 13.8 1 0
OBS: 57803.585395 c NA 1.05390e+03 4.9517e+02 25.7 1 0
OBS: 57807.565034 c NA 2.93765e+03 3.7435e+02 14.9 1 0
OBS: 57807.58012 c NA 2.99778e+03 4.2739e+02 15.3 1 0
OBS: 57807.610898 c NA 3.76011e+03 4.7007e+02 16.7 1 0
OBS: 57807.625949 c NA 2.17170e+03 4.6719e+02 17.9 1 0
OBS: 57819.520806 o NA 7.38584e+03 6.6846e+02 28.6 1 0
OBS: 57819.53494 o NA 5.26744e+03 6.2015e+02 24.7 1 0
OBS: 57819.536008 o NA 8.44890e+03 6.2902e+02 24.9 1 0
OBS: 57819.550222 o NA 8.24138e+03 6.0654e+02 21.7 1 0
OBS: 57819.551201 o NA 7.19118e+03 5.2311e+02 22.3 1 0
OBS: 57819.565199 o NA 8.43335e+03 6.5656e+02 21.8 1 0
OBS: 57819.566776 o NA 7.64892e+03 5.8899e+02 22.4 1 0
OBS: 57819.580424 o NA 6.48037e+03 6.2439e+02 22.6 1 0
OBS: 57819.581943 o NA 8.19596e+03 7.0047e+02 24.1 1 0
OBS: 57819.595645 o NA 6.16027e+03 7.2527e+02 24.1 1 0
OBS: 57823.490655 o NA 6.23448e+03 1.3095e+03 60.3 1 0
OBS: 57823.51812 o NA 7.97260e+03 1.3657e+03 61.4 1 0
OBS: 57823.532552 o NA 5.87760e+03 1.3943e+03 61.9 1 0
OBS: 57823.549438 o NA 7.61377e+03 1.6269e+03 64.0 1 0
OBS: 57831.506862 o NA 4.55827e+03 6.5705e+02 43.7 1 0
OBS: 57831.520904 o NA 5.27230e+03 6.9299e+02 44.3 1 0
OBS: 57831.535484 o NA 5.46512e+03 7.5318e+02 45.5 1 0
OBS: 57831.549531 o NA 5.16179e+03 7.3998e+02 47.9 1 0
OBS: 57831.564072 o NA 6.49232e+03 1.0773e+03 52.5 1 0
OBS: 57835.500954 c NA 4.09261e+03 4.4843e+02 24.0 1 0
OBS: 57835.516471 c NA 3.45144e+03 4.8934e+02 24.5 1 0
OBS: 57839.484743 c NA 3.89045e+03 4.5171e+02 24.0 1 0
OBS: 57839.500886 c NA 2.36374e+03 4.2286e+02 24.2 1 0
OBS: 57839.516727 c NA 2.09122e+03 5.0779e+02 24.4 1 0
OBS: 57839.548045 c NA 2.45923e+03 6.4956e+02 25.6 1 0
OBS: 57843.462284 c NA 2.67670e+03 5.1299e+02 24.5 1 0
OBS: 57843.476392 c NA 4.43404e+03 5.6859e+02 24.9 1 0
OBS: 57843.47852 c NA 3.60745e+03 6.4262e+02 26.4 1 0
OBS: 57843.492135 c NA 2.65216e+03 5.1026e+02 25.5 1 0
OBS: 57843.494213 c NA 3.00331e+03 6.1770e+02 26.1 1 0
OBS: 57843.507787 c NA 3.94821e+03 1.0428e+03 37.5 1 0
OBS: 57843.509887 c NA 2.84446e+03 6.0368e+02 27.2 1 0
OBS: 57847.451001 c NA 1.77501e+03 6.0335e+02 39.1 1 0
OBS: 57847.465137 c NA 1.88278e+03 5.8261e+02 36.5 1 0
OBS: 57847.46728 c NA 3.66438e+03 6.1086e+02 37.0 1 0
OBS: 57847.480869 c NA 2.82098e+03 5.7813e+02 31.3 1 0
OBS: 57847.482938 c NA 2.51884e+03 5.4914e+02 31.3 1 0
OBS: 57847.496518 c NA 1.89845e+03 4.8592e+02 25.5 1 0
OBS: 57847.498618 c NA 3.26588e+03 5.1672e+02 26.3 1 0
OBS: 57847.512256 c NA 1.96789e+03 4.5711e+02 26.2 1 0
OBS: 57847.527906 c NA 2.49574e+03 7.1583e+02 28.3 1 0
OBS: 57851.450916 o NA 3.93007e+03 9.6797e+02 73.8 1 0
OBS: 57851.467131 o NA 6.95024e+03 1.2011e+03 75.9 1 0
OBS: 57851.483283 o NA 2.82098e+03 1.1196e+03 79.1 1 0
OBS: 57851.500055 o NA 5.16179e+03 1.2713e+03 82.4 1 0
OBS: 57859.438909 o NA 2.35288e+03 8.0264e+02 52.0 1 0
OBS: 57859.453472 o NA 1.17382e+03 6.2981e+02 53.7 1 0
OBS: 57859.46801 o NA 2.42773e+03 8.4429e+02 55.2 1 0
OBS: 57863.445645 c NA 1.36521e+03 4.1198e+02 27.5 1 0
OBS: 57863.470229 c NA 5.97035e+02 3.5493e+02 28.2 1 0
OBS: 57871.394594 c NA 7.39265e+02 2.4313e+02 23.0 1 0
OBS: 57871.410567 c NA 1.08044e+03 2.7209e+02 23.8 1 0
OBS: 57887.398712 o NA 2.01558e+03 9.2213e+02 46.6 1 0
OBS: 57895.382426 c NA 1.20005e+03 3.8196e+02 18.1 1 0
OBS: 57899.374254 c NA 4.54988e+02 2.4451e+02 18.3 1 0
OBS: 57903.309368 c NA 4.11150e+02 2.2699e+02 22.4 1 0
OBS: 57903.324697 c NA 4.57509e+02 2.5614e+02 22.6 1 0
OBS: 57903.326735 c NA 5.05825e+02 2.5602e+02 22.0 1 0
OBS: 57903.34105 c NA 6.62522e+02 2.5439e+02 23.0 1 0
OBS: 57907.33766 o NA 9.32395e+02 5.1706e+02 45.3 1 0
OBS: 57922.309492 o NA 7.72681e+02 3.1895e+02 24.8 1 0
OBS: 57923.274905 o NA 1.49417e+03 8.9327e+02 57.0 1 0
OBS: 57923.28395 o NA 1.65196e+03 8.7643e+02 52.2 1 0
OBS: 57923.291992 o NA 6.23448e+03 1.7594e+03 47.6 1 0
OBS: 57926.295299 o NA 4.72933e+02 2.7138e+02 25.0 1 0
OBS: 57930.277166 o NA 5.19996e+02 2.8644e+02 26.7 1 0
OBS: 57930.286055 o NA 7.81988e+02 3.3940e+02 27.0 1 0
OBS: 57930.293958 o NA 8.68560e+02 3.8595e+02 28.2 1 0
OBS: 57930.302309 o NA 7.27110e+02 4.0678e+02 29.4 1 0
OBS: 57934.263729 o NA 1.46825e+03 3.4105e+02 30.8 1 0
OBS: 57934.272612 o NA 1.08943e+03 4.2508e+02 31.0 1 0
OBS: 57934.27409 o NA 1.28469e+03 4.2092e+02 33.1 1 0
END_PHOTOMETRY: