SURVEY: ATLAS
SNID: 2017adj
IACU: 2017adj
FILTERS: co
TYPE: 1
RA: 218.60903
DECL: -38.46986
PIXSIZE: 1.86
PEAKMJD: 57757.35999999987
REDSHIFT_HELIO: 0.033  +- 0.000
HOSTGAL_OBJID: -9
HOSTGAL_PHOTOZ: -9
HOSTGAL_SPECZ: -9
HOSTGAL_SNSEP: -9
HOSTGAL_LOGMASS: -9
HOSTGAL_MAG: -9
HOSTGAL_SB_FLUXCAL: -9
# ================================
# TERSE LIGHT CURVE OUTPUT
#
NOBS: 218
NVAR: 8
VARLIST: MJD BAND FIELD FLUXCAL FLUXCALERR SKYSIG GAIN PHOTFLAG
OBS: 57783.651277 c NA 5.42001e+03 3.8036e+02 14.5 1 0
OBS: 57783.667294 c NA 3.20627e+03 5.1225e+02 21.0 1 0
OBS: 57783.677504 c NA 1.17166e+05 6.9391e+04 64.9 1 0
OBS: 57787.631682 c NA 1.26590e+04 4.1286e+02 14.4 1 0
OBS: 57787.639663 c NA 1.26474e+04 4.2374e+02 14.5 1 0
OBS: 57787.654039 c NA 1.25430e+04 4.3140e+02 14.7 1 0
OBS: 57787.668612 c NA 1.20559e+04 5.7437e+02 23.4 1 0
OBS: 57799.604049 o NA 1.74582e+04 1.4774e+03 49.0 1 0
OBS: 57799.619756 o NA 1.72982e+04 1.4638e+03 49.2 1 0
OBS: 57799.634897 o NA 1.73141e+04 1.3185e+03 49.4 1 0
OBS: 57799.650974 o NA 1.48730e+04 1.4824e+03 50.4 1 0
OBS: 57799.666256 o NA 1.36270e+04 1.8996e+03 59.7 1 0
OBS: 57803.625581 c NA 1.69981e+04 6.9011e+02 22.9 1 0
OBS: 57803.637264 c NA 1.77828e+04 6.4322e+02 23.0 1 0
OBS: 57803.648488 c NA 1.65501e+04 9.3299e+02 28.1 1 0
OBS: 57803.650531 c NA 1.62780e+04 9.8822e+02 26.7 1 0
OBS: 57803.657148 c NA 1.49142e+04 1.5236e+03 33.7 1 0
OBS: 57803.658676 c NA 1.54882e+04 1.2452e+03 34.2 1 0
OBS: 57803.663801 c NA 1.54739e+04 1.0062e+03 32.2 1 0
OBS: 57803.6643 c NA 1.72663e+04 9.7337e+02 33.9 1 0
OBS: 57807.613501 c NA 1.37658e+04 4.2440e+02 15.2 1 0
OBS: 57807.628728 c NA 1.42430e+04 4.0091e+02 15.6 1 0
OBS: 57807.643837 c NA 1.35270e+04 4.2910e+02 16.1 1 0
OBS: 57816.651245 o NA 7.16473e+03 7.4377e+02 23.6 1 0
OBS: 57816.665676 o NA 1.00277e+04 5.5153e+03 83.9 1 0
OBS: 57818.638959 o NA 8.45668e+03 6.4400e+02 18.8 1 0
OBS: 57818.643008 o NA 1.05584e+04 8.4888e+02 19.5 1 0
OBS: 57818.653415 o NA 7.04693e+03 9.5437e+02 30.6 1 0
OBS: 57818.657419 o NA 3.85834e+03 1.5227e+03 52.7 1 0
OBS: 57819.576274 o NA 8.48008e+03 5.3680e+02 19.8 1 0
OBS: 57819.591583 o NA 7.83430e+03 5.2964e+02 19.9 1 0
OBS: 57819.607082 o NA 8.06121e+03 5.1723e+02 20.9 1 0
OBS: 57819.622257 o NA 8.19596e+03 6.0320e+02 21.6 1 0
OBS: 57819.637235 o NA 6.79204e+03 5.6330e+02 21.9 1 0
OBS: 57820.621262 o NA 7.31139e+03 6.9227e+02 19.0 1 0
OBS: 57820.623355 o NA 7.53009e+03 1.0318e+03 21.2 1 0
OBS: 57820.635468 o NA 5.38518e+04 2.0494e+04 34.5 1 0
OBS: 57820.637426 o NA 4.45451e+03 1.1976e+03 26.9 1 0
OBS: 57820.650299 o NA 6.55239e+03 1.0214e+03 22.4 1 0
OBS: 57823.538302 o NA 9.53235e+03 1.0288e+03 49.0 1 0
OBS: 57823.555649 o NA 9.10332e+03 2.0304e+03 87.1 1 0
OBS: 57823.599092 o NA 7.84874e+03 1.1437e+03 52.0 1 0
OBS: 57828.614546 o NA 8.32530e+03 1.8330e+03 64.9 1 0
OBS: 57828.628034 o NA 6.51628e+03 2.1511e+03 67.0 1 0
OBS: 57828.641602 o NA 7.90679e+03 2.2209e+03 66.7 1 0
OBS: 57830.604723 o NA 4.80397e+03 9.5273e+02 33.9 1 0
OBS: 57830.618681 o NA 6.99520e+03 9.9729e+02 35.3 1 0
OBS: 57830.645862 o NA 4.06256e+03 1.1465e+03 45.3 1 0
OBS: 57831.555119 o NA 5.65979e+03 6.7094e+02 39.8 1 0
OBS: 57831.569706 o NA 4.08884e+03 6.5642e+02 40.9 1 0
OBS: 57831.583848 o NA 4.07756e+03 6.6720e+02 41.3 1 0
OBS: 57831.597857 o NA 5.47520e+03 6.8007e+02 42.3 1 0
OBS: 57831.612407 o NA 6.76083e+03 6.0623e+02 43.5 1 0
OBS: 57832.594871 o NA 6.02005e+03 8.8198e+02 26.4 1 0
OBS: 57832.623966 o NA 4.11908e+03 9.5680e+02 28.2 1 0
OBS: 57833.587473 o NA 4.58775e+03 6.5406e+02 24.9 1 0
OBS: 57833.601989 o NA 3.35429e+03 6.6275e+02 25.6 1 0
OBS: 57833.616652 o NA 3.49301e+03 7.1841e+02 26.2 1 0
OBS: 57833.630709 o NA 5.33089e+03 8.5994e+02 26.9 1 0
OBS: 57834.586294 o NA 5.44503e+03 7.1133e+02 21.7 1 0
OBS: 57834.600359 o NA 4.13048e+03 8.1916e+02 22.2 1 0
OBS: 57834.615326 o NA 3.91922e+03 7.2474e+02 22.6 1 0
OBS: 57834.629292 o NA 2.67670e+03 6.7408e+02 24.1 1 0
OBS: 57835.549776 c NA 1.84332e+03 4.5400e+02 23.4 1 0
OBS: 57835.565464 c NA 2.06253e+03 4.8637e+02 26.8 1 0
OBS: 57835.581737 c NA 3.45462e+03 9.4966e+02 38.7 1 0
OBS: 57835.598005 c NA 3.06478e+03 4.8965e+02 27.2 1 0
OBS: 57835.613285 c NA 4.07380e+03 5.0601e+02 28.4 1 0
OBS: 57837.604533 o NA 3.12464e+03 7.4999e+02 21.3 1 0
OBS: 57837.619216 o NA 2.28455e+03 7.0403e+02 22.1 1 0
OBS: 57838.570317 o NA 2.72145e+03 6.2251e+02 19.4 1 0
OBS: 57838.584513 o NA 2.77460e+03 6.2677e+02 20.1 1 0
OBS: 57838.599147 o NA 3.49945e+03 6.4449e+02 20.5 1 0
OBS: 57838.613944 o NA 3.81241e+03 5.9431e+02 21.4 1 0
OBS: 57839.533725 c NA 1.63230e+03 3.8147e+02 22.3 1 0
OBS: 57839.549597 c NA 2.72898e+03 4.1052e+02 22.3 1 0
OBS: 57839.565022 c NA 2.17170e+03 4.2909e+02 22.4 1 0
OBS: 57839.581007 c NA 1.71870e+03 4.2689e+02 23.2 1 0
OBS: 57839.596518 c NA 1.49142e+03 4.0499e+02 23.8 1 0
OBS: 57842.563701 o NA 2.03986e+03 6.0767e+02 22.1 1 0
OBS: 57842.578434 o NA 2.11252e+03 5.7648e+02 22.4 1 0
OBS: 57842.592709 o NA 4.09638e+03 6.7973e+02 23.4 1 0
OBS: 57842.607493 o NA 9.80844e+02 5.2249e+02 24.2 1 0
OBS: 57845.552352 o NA 2.44568e+03 6.2933e+02 22.8 1 0
OBS: 57845.56761 o NA 3.07326e+03 6.6336e+02 23.7 1 0
OBS: 57845.582858 o NA 2.41880e+03 7.1586e+02 24.5 1 0
OBS: 57846.549026 o NA 9.34114e+02 5.3121e+02 23.9 1 0
OBS: 57846.564899 o NA 1.40994e+03 5.9636e+02 23.6 1 0
OBS: 57846.580164 o NA 1.53179e+03 6.2230e+02 23.4 1 0
OBS: 57846.596025 o NA 1.98061e+03 6.3785e+02 24.3 1 0
OBS: 57847.509115 c NA 1.89671e+03 3.9426e+02 24.0 1 0
OBS: 57847.524789 c NA 1.90897e+03 4.2441e+02 24.3 1 0
OBS: 57847.540458 c NA 9.73644e+02 4.2562e+02 24.5 1 0
OBS: 57847.556156 c NA 1.95884e+03 4.4389e+02 24.7 1 0
OBS: 57847.571846 c NA 9.78138e+02 4.1941e+02 25.6 1 0
OBS: 57849.520962 o NA 1.17923e+03 6.4270e+02 30.3 1 0
OBS: 57849.535737 o NA 1.58635e+03 6.6166e+02 29.2 1 0
OBS: 57849.546478 o NA 1.44145e+03 7.1635e+02 27.0 1 0
OBS: 57849.550492 o NA 3.05070e+03 7.4289e+02 26.3 1 0
OBS: 57849.561249 o NA 1.31947e+03 6.2060e+02 22.8 1 0
OBS: 57849.565192 o NA 2.25320e+03 6.0428e+02 22.7 1 0
OBS: 57851.533021 o NA 4.93856e+03 9.3173e+02 64.9 1 0
OBS: 57851.549214 o NA 3.72220e+03 9.5526e+02 66.4 1 0
OBS: 57857.511665 o NA 8.41783e+03 4.6681e+03 91.2 1 0
OBS: 57857.539215 o NA 6.72357e+03 3.1917e+03 73.8 1 0
OBS: 57858.52189 o NA 2.50726e+03 1.2702e+03 44.1 1 0
OBS: 57858.536786 o NA 2.07205e+03 1.1890e+03 45.3 1 0
OBS: 57859.488796 o NA 3.58757e+03 1.2216e+03 49.2 1 0
OBS: 57859.503897 o NA 2.20800e+03 1.1266e+03 50.4 1 0
OBS: 57859.51846 o NA 4.50817e+03 1.3284e+03 52.2 1 0
OBS: 57861.558886 o NA 1.24280e+03 7.3976e+02 45.7 1 0
OBS: 57861.570893 o NA 2.67670e+03 9.9558e+02 47.2 1 0
OBS: 57862.55797 o NA 1.17382e+03 6.5859e+02 44.7 1 0
OBS: 57863.503334 c NA 1.09345e+03 3.6231e+02 27.0 1 0
OBS: 57863.516471 c NA 2.04550e+03 4.3708e+02 29.6 1 0
OBS: 57863.53009 c NA 1.66878e+03 4.3851e+02 31.9 1 0
OBS: 57863.542666 c NA 1.99710e+03 4.7375e+02 33.6 1 0
OBS: 57863.555765 c NA 8.40234e+02 4.2028e+02 35.8 1 0
OBS: 57865.555284 o NA 1.81635e+03 7.0769e+02 43.7 1 0
OBS: 57871.456792 c NA 1.72504e+03 2.4457e+02 24.3 1 0
OBS: 57871.472628 c NA 1.02707e+03 2.7821e+02 24.3 1 0
OBS: 57871.488392 c NA 1.35769e+03 2.9403e+02 25.0 1 0
OBS: 57871.504174 c NA 5.96486e+02 2.2734e+02 26.1 1 0
OBS: 57871.519434 c NA 1.77174e+03 3.0754e+02 26.9 1 0
OBS: 57878.452467 o NA 1.98244e+03 5.5157e+02 36.8 1 0
OBS: 57878.467764 o NA 2.58464e+03 6.4733e+02 37.7 1 0
OBS: 57879.437988 o NA 3.23594e+03 6.5130e+02 47.0 1 0
OBS: 57879.453232 o NA 1.71554e+03 7.1277e+02 48.3 1 0
OBS: 57879.455887 o NA 8.25658e+02 4.6690e+02 48.1 1 0
OBS: 57879.47163 o NA 1.08243e+03 5.4292e+02 49.2 1 0
OBS: 57879.487458 o NA 8.79832e+02 5.0761e+02 49.7 1 0
OBS: 57879.501074 o NA 1.98976e+03 7.2735e+02 51.3 1 0
OBS: 57879.50319 o NA 2.21004e+03 7.3365e+02 51.3 1 0
OBS: 57886.418729 o NA 1.81134e+03 6.5470e+02 41.3 1 0
OBS: 57886.432993 o NA 2.02302e+03 7.0840e+02 41.7 1 0
OBS: 57886.447255 o NA 1.76522e+03 7.4663e+02 42.9 1 0
OBS: 57886.4617 o NA 2.07587e+03 7.1317e+02 44.5 1 0
OBS: 57887.419671 o NA 3.00885e+03 1.2355e+03 66.7 1 0
OBS: 57891.437009 o NA 1.59368e+03 3.6341e+02 29.6 1 0
OBS: 57891.439621 o NA 9.18756e+02 3.6208e+02 30.8 1 0
OBS: 57891.454868 o NA 2.10475e+03 4.0807e+02 33.7 1 0
OBS: 57891.467522 o NA 9.07821e+02 3.7767e+02 34.2 1 0
OBS: 57891.470145 o NA 9.34975e+02 3.6165e+02 35.3 1 0
OBS: 57893.407702 o NA 9.01156e+02 3.9626e+02 23.1 1 0
OBS: 57893.414236 o NA 9.79039e+02 4.0624e+02 23.8 1 0
OBS: 57893.428223 o NA 2.09508e+03 5.2616e+02 24.2 1 0
OBS: 57895.39766 c NA 7.23103e+02 2.1960e+02 16.8 1 0
OBS: 57895.43082 c NA 3.78094e+02 1.9879e+02 16.6 1 0
OBS: 57895.447703 c NA 7.69130e+02 2.6933e+02 17.5 1 0
OBS: 57895.464506 c NA 1.08443e+03 3.1032e+02 18.4 1 0
OBS: 57897.397797 o NA 5.49035e+02 3.0424e+02 23.4 1 0
OBS: 57897.431319 o NA 8.82267e+02 3.5504e+02 24.4 1 0
OBS: 57898.378459 o NA 6.68036e+02 2.6550e+02 22.9 1 0
OBS: 57898.413155 o NA 1.55740e+03 2.7270e+02 24.1 1 0
OBS: 57898.429622 o NA 1.32923e+03 3.3382e+02 24.1 1 0
OBS: 57899.405824 c NA 7.27110e+02 2.8125e+02 16.8 1 0
OBS: 57899.439053 c NA 6.33870e+02 2.7179e+02 18.4 1 0
OBS: 57899.455382 c NA 4.10771e+02 2.2610e+02 18.5 1 0
OBS: 57899.458023 c NA 9.70063e+03 4.3893e+03 18.5 1 0
OBS: 57901.367821 o NA 7.21107e+02 3.2629e+02 24.2 1 0
OBS: 57901.402347 o NA 1.04713e+03 4.7328e+02 28.4 1 0
OBS: 57901.418789 o NA 2.54683e+03 6.4663e+02 35.3 1 0
OBS: 57902.379714 o NA 9.00326e+02 3.9729e+02 21.2 1 0
OBS: 57902.413056 o NA 1.90897e+03 5.4376e+02 23.2 1 0
OBS: 57902.4165 o NA 1.10357e+03 3.3586e+02 24.4 1 0
OBS: 57903.379333 c NA 4.48745e+02 1.8255e+02 17.9 1 0
OBS: 57903.395666 c NA 7.05342e+02 1.8726e+02 17.5 1 0
OBS: 57903.412536 c NA 5.49541e+02 2.1349e+02 18.0 1 0
OBS: 57903.429383 c NA 2.90804e+02 1.7190e+02 18.4 1 0
OBS: 57903.445801 c NA 8.15080e+02 2.4492e+02 19.1 1 0
OBS: 57906.333846 o NA 3.75664e+03 1.3467e+03 72.8 1 0
OBS: 57906.351026 o NA 2.61096e+03 1.0099e+03 67.6 1 0
OBS: 57907.417456 o NA 1.58782e+03 5.2612e+02 44.3 1 0
OBS: 57907.420009 o NA 7.89951e+02 4.6576e+02 43.5 1 0
OBS: 57907.43431 o NA 1.00740e+03 4.7919e+02 44.3 1 0
OBS: 57914.368908 o NA 1.36395e+03 5.6301e+02 49.0 1 0
OBS: 57914.387251 o NA 1.03086e+03 5.3609e+02 51.8 1 0
OBS: 57914.404928 o NA 2.21820e+03 6.7508e+02 55.2 1 0
OBS: 57917.339618 o NA 6.04227e+02 3.0472e+02 27.9 1 0
OBS: 57917.35558 o NA 2.06063e+03 4.4329e+02 30.6 1 0
OBS: 57917.372289 o NA 6.37970e+02 3.4957e+02 33.0 1 0
OBS: 57918.345454 o NA 5.68068e+02 2.4744e+02 21.1 1 0
OBS: 57918.361801 o NA 6.69885e+02 2.7868e+02 26.7 1 0
OBS: 57922.340982 o NA 5.08628e+02 2.5605e+02 22.8 1 0
OBS: 57922.348869 o NA 8.16582e+02 2.9419e+02 22.8 1 0
OBS: 57923.330047 o NA 1.90020e+03 4.7460e+02 27.9 1 0
OBS: 57923.338478 o NA 1.64740e+03 5.0978e+02 36.0 1 0
OBS: 57923.347396 o NA 2.44794e+03 8.4247e+02 42.7 1 0
OBS: 57926.324741 o NA 6.05341e+02 2.6115e+02 20.3 1 0
OBS: 57926.33657 o NA 6.60693e+02 2.4497e+02 20.2 1 0
OBS: 57926.345404 o NA 4.38531e+02 2.1259e+02 20.5 1 0
OBS: 57930.316568 o NA 5.44503e+02 3.1244e+02 24.0 1 0
OBS: 57930.333304 o NA 5.74381e+02 3.1014e+02 25.1 1 0
OBS: 57930.34216 o NA 1.07746e+03 3.4023e+02 24.4 1 0
OBS: 57934.300641 o NA 1.13553e+03 3.4849e+02 27.8 1 0
OBS: 57934.325224 o NA 1.82474e+03 7.5223e+02 40.4 1 0
OBS: 57940.345546 o NA 2.17771e+03 9.3262e+02 49.7 1 0
OBS: 57942.356931 o NA 1.39959e+03 6.8443e+02 53.5 1 0
OBS: 57948.282051 o NA 3.87258e+02 2.0495e+02 27.5 1 0
OBS: 57948.290973 o NA 6.26902e+02 2.7953e+02 27.3 1 0
OBS: 57948.298983 o NA 7.78395e+02 2.4629e+02 27.3 1 0
OBS: 57948.307502 o NA 9.41890e+02 2.8302e+02 27.3 1 0
OBS: 57950.294224 o NA 1.17166e+03 3.5357e+02 24.4 1 0
OBS: 57954.277723 o NA 9.60285e+02 3.0384e+02 22.6 1 0
OBS: 57954.281608 o NA 1.00647e+03 3.6081e+02 23.2 1 0
OBS: 57954.285506 o NA 9.89920e+02 3.4367e+02 22.8 1 0
OBS: 57954.297663 o NA 9.67386e+02 3.0364e+02 23.4 1 0
OBS: 57960.262353 o NA 6.89287e+02 2.6740e+02 24.3 1 0
OBS: 57960.27844 o NA 5.70164e+02 2.0339e+02 23.8 1 0
OBS: 57968.254896 o NA 1.45747e+03 5.7926e+02 46.3 1 0
OBS: 57968.266833 o NA 1.31704e+03 5.9991e+02 47.0 1 0
OBS: 57968.274258 o NA 1.25430e+03 6.4335e+02 48.8 1 0
OBS: 57970.275699 o NA 1.21787e+03 5.2028e+02 46.8 1 0
OBS: 57971.272173 o NA 1.29062e+03 6.2382e+02 47.4 1 0
OBS: 57975.247649 o NA 8.20352e+02 4.0654e+02 35.0 1 0
OBS: 57977.253855 o NA 6.76083e+02 3.2062e+02 27.9 1 0
OBS: 57979.244063 o NA 1.10357e+03 4.7551e+02 37.0 1 0
OBS: 57979.24716 o NA 9.54113e+02 3.8290e+02 33.0 1 0
END_PHOTOMETRY: