SURVEY: ATLAS
SNID: 2017cal
IACU: 2017cal
FILTERS: co
TYPE: 1
RA: 332.860875
DECL: -18.364639
PIXSIZE: 1.86
PEAKMJD: 57846.02699070005
REDSHIFT_HELIO: 0.045  +- 0.000
HOSTGAL_OBJID: -9
HOSTGAL_PHOTOZ: -9
HOSTGAL_SPECZ: -9
HOSTGAL_SNSEP: -9
HOSTGAL_LOGMASS: -9
HOSTGAL_MAG: -9
HOSTGAL_SB_FLUXCAL: -9
# ================================
# TERSE LIGHT CURVE OUTPUT
#
NOBS: 214
NVAR: 8
VARLIST: MJD BAND FIELD FLUXCAL FLUXCALERR SKYSIG GAIN PHOTFLAG
OBS: 57833.629473 c NA 2.06063e+04 5.9847e+02 27.4 1 0
OBS: 57833.646785 c NA 2.18374e+04 7.1219e+02 35.0 1 0
OBS: 57841.60755 c NA 1.59221e+04 5.4762e+02 20.3 1 0
OBS: 57841.625838 c NA 1.46420e+04 4.7753e+02 20.1 1 0
OBS: 57841.643309 c NA 1.32312e+04 6.3037e+02 33.9 1 0
OBS: 57853.511342 o NA 2.09122e+04 6.2702e+03 182.8 1 0
OBS: 57853.530475 o NA 3.23892e+04 1.1167e+04 193.2 1 0
OBS: 57853.539765 o NA 2.37684e+04 5.0443e+03 123.6 1 0
OBS: 57853.541222 o NA 1.30737e+04 1.8018e+03 97.3 1 0
OBS: 57853.550798 o NA 1.14604e+04 2.1793e+03 114.3 1 0
OBS: 57853.553981 o NA 7.71259e+03 1.5296e+03 94.2 1 0
OBS: 57853.565293 o NA 5.85599e+04 2.0118e+04 361.4 1 0
OBS: 57853.568218 o NA 3.63747e+04 1.8094e+04 358.1 1 0
OBS: 57877.526005 o NA 3.81241e+03 2.9681e+02 20.2 1 0
OBS: 57877.540616 o NA 8.09841e+03 4.0711e+02 20.5 1 0
OBS: 57877.566199 o NA 5.65979e+03 4.1171e+02 21.3 1 0
OBS: 57877.58359 o NA 4.67305e+03 3.9151e+02 21.6 1 0
OBS: 57877.603902 o NA 4.47920e+03 4.8343e+02 21.2 1 0
OBS: 57879.601112 o NA 3.57437e+03 3.1751e+02 20.8 1 0
OBS: 57879.618681 o NA 3.93369e+03 4.3424e+02 27.5 1 0
OBS: 57880.593304 o NA 4.46684e+03 4.5632e+02 21.6 1 0
OBS: 57880.610319 o NA 4.19566e+03 4.3209e+02 22.6 1 0
OBS: 57880.62812 o NA 3.41665e+03 1.2409e+03 84.7 1 0
OBS: 57882.487589 o NA 4.52064e+03 6.7649e+02 39.4 1 0
OBS: 57882.499912 o NA 4.52064e+03 7.9158e+02 40.4 1 0
OBS: 57882.51222 o NA 4.20339e+03 7.1038e+02 40.4 1 0
OBS: 57883.60068 o NA 4.23838e+03 6.1428e+02 47.9 1 0
OBS: 57883.604552 o NA 2.63512e+03 6.7988e+02 44.3 1 0
OBS: 57883.617456 o NA 3.59087e+03 7.6729e+02 51.3 1 0
OBS: 57883.621384 o NA 3.87258e+03 9.8854e+02 54.7 1 0
OBS: 57884.571189 o NA 4.46272e+03 7.6444e+02 44.9 1 0
OBS: 57884.587678 o NA 6.72357e+03 7.3118e+02 45.7 1 0
OBS: 57884.604089 o NA 4.89779e+03 7.0985e+02 47.0 1 0
OBS: 57884.620528 o NA 4.76431e+03 9.2370e+02 53.7 1 0
OBS: 57885.50592 o NA 3.04229e+03 6.4345e+02 45.1 1 0
OBS: 57885.519796 o NA 1.70137e+03 5.4153e+02 42.5 1 0
OBS: 57885.526959 o NA 4.43813e+03 5.8335e+02 43.5 1 0
OBS: 57885.535699 o NA 1.72822e+03 5.8007e+02 42.5 1 0
OBS: 57885.547962 o NA 2.47970e+03 6.2104e+02 42.3 1 0
OBS: 57885.550481 o NA 4.42181e+03 6.1291e+02 43.5 1 0
OBS: 57885.558459 o NA 5.61824e+03 5.5999e+02 43.5 1 0
OBS: 57885.571925 o NA 2.72396e+03 5.8008e+02 43.5 1 0
OBS: 57887.563439 o NA 4.33311e+03 6.8557e+02 36.6 1 0
OBS: 57887.580262 o NA 3.02552e+03 6.5087e+02 37.3 1 0
OBS: 57887.59723 o NA 4.35311e+03 7.4567e+02 38.4 1 0
OBS: 57887.614759 o NA 3.28700e+03 6.6157e+02 41.9 1 0
OBS: 57889.480877 o NA 3.30217e+03 5.5301e+02 29.4 1 0
OBS: 57889.501382 o NA 3.17103e+03 6.0063e+02 29.8 1 0
OBS: 57889.511375 o NA 3.63747e+03 4.0749e+02 28.3 1 0
OBS: 57889.52022 o NA 7.26440e+02 4.2914e+02 28.6 1 0
OBS: 57889.522048 o NA 3.45144e+03 3.2392e+02 28.4 1 0
OBS: 57889.534644 o NA 9.62942e+02 3.4064e+02 28.2 1 0
OBS: 57889.560075 o NA 2.35072e+03 3.5545e+02 28.2 1 0
OBS: 57891.554986 o NA 1.70294e+03 5.0950e+02 25.2 1 0
OBS: 57891.574803 o NA 2.86814e+03 4.2696e+02 26.7 1 0
OBS: 57891.579224 o NA 2.12227e+03 5.2123e+02 26.2 1 0
OBS: 57891.590699 o NA 2.66440e+03 4.0705e+02 27.8 1 0
OBS: 57891.594981 o NA 2.09701e+03 5.2664e+02 27.2 1 0
OBS: 57891.606852 o NA 2.75677e+03 4.2546e+02 28.4 1 0
OBS: 57891.611241 o NA 2.17370e+03 6.4191e+02 29.4 1 0
OBS: 57892.557945 o NA 1.99159e+03 3.5628e+02 19.8 1 0
OBS: 57892.580948 o NA 1.31704e+03 3.7342e+02 20.9 1 0
OBS: 57892.598366 o NA 3.15065e+03 3.8625e+02 21.9 1 0
OBS: 57892.615818 o NA 9.07821e+02 4.6523e+02 30.3 1 0
OBS: 57893.493236 c NA 2.69153e+03 2.9491e+02 14.3 1 0
OBS: 57893.522773 c NA 2.93495e+03 2.8034e+02 16.2 1 0
OBS: 57893.533099 c NA 3.75664e+03 3.0521e+02 16.4 1 0
OBS: 57893.544966 c NA 2.49574e+03 2.8774e+02 16.7 1 0
OBS: 57893.570365 c NA 2.00447e+03 3.0466e+02 17.4 1 0
OBS: 57895.579566 o NA 2.41213e+03 4.3151e+02 22.0 1 0
OBS: 57895.608602 o NA 1.66418e+03 3.4471e+02 23.2 1 0
OBS: 57896.533479 o NA 2.43220e+03 3.8482e+02 21.6 1 0
OBS: 57896.549882 o NA 1.06561e+03 3.8453e+02 19.0 1 0
OBS: 57896.556727 o NA 9.91745e+02 3.0182e+02 20.0 1 0
OBS: 57896.557229 o NA 1.38676e+03 3.9410e+02 19.5 1 0
OBS: 57896.572568 o NA 3.38844e+03 3.4896e+02 20.4 1 0
OBS: 57896.589508 o NA 2.20191e+03 4.1871e+02 23.8 1 0
OBS: 57899.518255 o NA 1.50938e+03 4.0987e+02 18.2 1 0
OBS: 57899.539434 o NA 2.77715e+03 3.7832e+02 19.3 1 0
OBS: 57899.558566 o NA 1.28825e+03 3.2796e+02 18.9 1 0
OBS: 57899.576227 o NA 1.20116e+03 3.8458e+02 19.1 1 0
OBS: 57899.594142 o NA 1.70765e+03 3.7720e+02 18.7 1 0
OBS: 57900.522036 o NA 3.13329e+03 4.5658e+02 22.0 1 0
OBS: 57900.536779 o NA 1.47911e+03 4.1839e+02 22.2 1 0
OBS: 57900.555988 o NA 2.10281e+03 4.3095e+02 22.9 1 0
OBS: 57900.571058 o NA 2.63027e+03 4.6655e+02 22.4 1 0
OBS: 57901.47209 c NA 2.65950e+03 2.5181e+02 13.9 1 0
OBS: 57901.501389 c NA 2.82618e+03 2.3200e+02 13.9 1 0
OBS: 57901.510821 c NA 2.60375e+03 2.5087e+02 14.0 1 0
OBS: 57901.535054 c NA 1.67186e+03 2.5411e+02 13.9 1 0
OBS: 57901.545562 c NA 3.01995e+03 5.6072e+02 22.4 1 0
OBS: 57903.536617 o NA 1.94984e+03 3.8093e+02 19.0 1 0
OBS: 57903.541095 o NA 2.18172e+03 4.0181e+02 18.6 1 0
OBS: 57903.563551 o NA 1.63230e+03 3.8492e+02 19.7 1 0
OBS: 57903.582395 o NA 1.47775e+03 3.8228e+02 20.6 1 0
OBS: 57904.521022 o NA 1.61139e+03 3.4549e+02 20.0 1 0
OBS: 57904.522012 o NA 1.31462e+03 4.3560e+02 20.7 1 0
OBS: 57904.538577 o NA 3.26287e+03 3.6820e+02 20.8 1 0
OBS: 57904.543017 o NA 1.38676e+03 4.3176e+02 19.7 1 0
OBS: 57904.558269 o NA 2.71394e+03 4.2307e+02 19.8 1 0
OBS: 57904.562145 o NA 2.23872e+03 4.6698e+02 19.5 1 0
OBS: 57904.573651 o NA 2.45697e+03 4.0770e+02 20.1 1 0
OBS: 57904.580639 o NA 1.62032e+03 4.8687e+02 20.2 1 0
OBS: 57905.445547 o NA 2.88138e+03 3.4391e+02 22.4 1 0
OBS: 57907.517883 o NA 1.46690e+03 3.2297e+02 20.9 1 0
OBS: 57907.548931 o NA 2.72898e+03 4.3811e+02 27.0 1 0
OBS: 57907.569986 o NA 1.72663e+03 3.7019e+02 22.5 1 0
OBS: 57908.505675 o NA 2.45471e+03 1.4657e+03 82.4 1 0
OBS: 57908.526472 o NA 2.21208e+03 1.0307e+03 48.3 1 0
OBS: 57909.559134 o NA 9.62055e+02 2.8535e+02 25.8 1 0
OBS: 57911.527783 o NA 3.23892e+03 1.1745e+03 76.9 1 0
OBS: 57911.547468 o NA 2.41435e+04 1.1273e+04 299.2 1 0
OBS: 57912.540685 o NA 3.59087e+03 1.2681e+03 53.5 1 0
OBS: 57912.54556 o NA 3.22701e+03 1.0752e+03 49.9 1 0
OBS: 57913.479707 o NA 1.24394e+03 6.2393e+02 51.1 1 0
OBS: 57913.53031 o NA 2.25736e+03 6.7829e+02 52.7 1 0
OBS: 57913.549258 o NA 2.68658e+03 7.5461e+02 54.2 1 0
OBS: 57914.534575 o NA 2.14190e+03 6.7365e+02 48.8 1 0
OBS: 57914.550177 o NA 2.04174e+03 6.3698e+02 50.6 1 0
OBS: 57914.584059 o NA 2.72145e+03 7.1513e+02 56.2 1 0
OBS: 57915.523962 o NA 1.28706e+03 5.6396e+02 40.0 1 0
OBS: 57915.542565 o NA 2.34639e+03 6.4345e+02 41.1 1 0
OBS: 57915.552472 o NA 2.72898e+03 7.1154e+02 42.1 1 0
OBS: 57915.57098 o NA 2.29721e+03 6.8878e+02 44.5 1 0
OBS: 57916.492532 o NA 2.59418e+03 4.5425e+02 32.5 1 0
OBS: 57916.493016 o NA 2.21411e+03 4.4401e+02 32.5 1 0
OBS: 57916.511278 o NA 1.37658e+03 4.2772e+02 33.6 1 0
OBS: 57916.511774 o NA 2.66440e+03 4.8268e+02 33.4 1 0
OBS: 57916.516764 o NA 3.06478e+03 4.6822e+02 33.6 1 0
OBS: 57916.517256 o NA 1.38803e+03 5.0088e+02 33.7 1 0
OBS: 57916.541562 o NA 1.54739e+03 4.7291e+02 35.2 1 0
OBS: 57917.447707 o NA 9.25550e+02 5.3507e+02 33.6 1 0
OBS: 57917.469906 o NA 2.60375e+03 7.3651e+02 37.7 1 0
OBS: 57917.479062 o NA 3.72563e+03 5.0456e+02 35.2 1 0
OBS: 57917.515088 o NA 8.18842e+03 2.5598e+03 58.3 1 0
OBS: 57917.515598 o NA 1.90195e+03 9.5920e+02 58.1 1 0
OBS: 57920.448788 o NA 1.62630e+02 4.0843e+01 20.2 1 0
OBS: 57920.449279 o NA 1.65044e+03 2.8523e+02 20.0 1 0
OBS: 57920.464176 o NA 1.14078e+03 3.2269e+02 20.1 1 0
OBS: 57920.466034 o NA 1.05390e+03 2.8830e+02 20.8 1 0
OBS: 57920.475922 o NA 1.45211e+03 2.9972e+02 21.0 1 0
OBS: 57924.433608 o NA 1.02518e+03 2.6450e+02 16.3 1 0
OBS: 57924.459875 o NA 7.62079e+02 2.4732e+02 16.7 1 0
OBS: 57924.470932 o NA 6.66193e+02 2.2645e+02 17.1 1 0
OBS: 57926.482964 o NA 1.68888e+03 3.4116e+02 19.0 1 0
OBS: 57928.432446 o NA 4.79513e+02 2.6314e+02 17.3 1 0
OBS: 57928.434712 o NA 1.64437e+03 3.1146e+02 17.9 1 0
OBS: 57928.444159 o NA 7.97995e+02 3.0957e+02 17.8 1 0
OBS: 57928.446209 o NA 1.39187e+03 2.6260e+02 18.5 1 0
OBS: 57928.457386 o NA 1.84162e+03 2.9138e+02 18.5 1 0
OBS: 57928.457885 o NA 1.34524e+03 3.1438e+02 17.9 1 0
OBS: 57928.458375 o NA 6.70502e+02 2.7093e+02 17.9 1 0
OBS: 57932.415834 o NA 1.35270e+03 2.6627e+02 15.3 1 0
OBS: 57932.421004 o NA 5.00265e+02 2.9871e+02 17.8 1 0
OBS: 57932.427572 o NA 8.06863e+02 2.5580e+02 15.3 1 0
OBS: 57932.440409 o NA 8.19596e+02 2.6548e+02 16.1 1 0
OBS: 57936.436306 o NA 6.45060e+02 2.9350e+02 22.9 1 0
OBS: 57936.443964 o NA 1.54028e+03 3.9951e+02 22.9 1 0
OBS: 57940.408581 o NA 1.61436e+03 4.9234e+02 35.8 1 0
OBS: 57940.417265 o NA 8.39460e+02 4.1052e+02 33.4 1 0
OBS: 57940.417763 o NA 1.04616e+03 4.4968e+02 33.4 1 0
OBS: 57940.425319 o NA 1.77828e+03 4.6487e+02 33.6 1 0
OBS: 57940.426302 o NA 2.55388e+03 5.4015e+02 36.0 1 0
OBS: 57940.43725 o NA 2.96210e+03 4.8011e+02 36.5 1 0
OBS: 57942.39706 o NA 9.42758e+02 4.4018e+02 42.3 1 0
OBS: 57942.436169 o NA 1.06758e+03 4.7493e+02 44.1 1 0
OBS: 57944.390248 o NA 1.83147e+03 5.7602e+02 33.7 1 0
OBS: 57944.403129 o NA 1.25893e+03 5.1556e+02 34.0 1 0
OBS: 57952.402899 o NA 8.90430e+02 2.6295e+02 17.4 1 0
OBS: 57952.404348 o NA 1.56892e+03 2.6515e+02 17.6 1 0
OBS: 57956.384563 o NA 1.43087e+03 4.5363e+02 21.2 1 0
OBS: 57956.39603 o NA 1.94089e+03 6.0059e+02 20.5 1 0
OBS: 57960.368246 o NA 1.26357e+03 2.9262e+02 15.3 1 0
OBS: 57960.375437 o NA 4.15719e+02 2.1136e+02 15.7 1 0
OBS: 57964.365738 o NA 2.49574e+03 3.2404e+02 21.9 1 0
OBS: 57964.373381 o NA 7.58578e+02 2.7596e+02 21.9 1 0
OBS: 57964.380167 o NA 6.67421e+02 2.9520e+02 22.0 1 0
OBS: 57966.378963 o NA 6.62522e+02 3.0111e+02 28.2 1 0
OBS: 57966.389087 o NA 2.19786e+03 3.0813e+02 28.6 1 0
OBS: 57968.363369 o NA 2.07970e+03 4.8749e+02 34.7 1 0
OBS: 57971.345823 o NA 8.55067e+02 3.9924e+02 43.7 1 0
OBS: 57971.373179 o NA 1.17815e+03 3.8601e+02 40.2 1 0
OBS: 57975.374147 o NA 9.06985e+02 3.6698e+02 32.7 1 0
OBS: 57977.330604 o NA 9.06985e+02 2.7370e+02 19.5 1 0
OBS: 57977.352686 o NA 1.64589e+03 3.5169e+02 24.0 1 0
OBS: 57977.353216 o NA 4.96592e+02 2.6368e+02 24.1 1 0
OBS: 57979.365597 o NA 7.16473e+02 2.3652e+02 20.5 1 0
OBS: 57981.316028 o NA 5.01187e+02 2.2854e+02 16.1 1 0
OBS: 57981.323959 o NA 7.47481e+02 2.6929e+02 16.5 1 0
OBS: 57981.340226 o NA 5.00265e+02 2.1556e+02 17.3 1 0
OBS: 57981.348721 o NA 1.20005e+03 2.6937e+02 17.2 1 0
OBS: 57983.329853 c NA 2.51189e+02 1.5119e+02 13.9 1 0
OBS: 57983.337433 c NA 1.26824e+03 2.0164e+02 14.0 1 0
OBS: 57983.349777 c NA 1.27761e+03 2.0708e+02 14.3 1 0
OBS: 57985.312419 o NA 1.43219e+03 3.0083e+02 16.5 1 0
OBS: 57985.320663 o NA 1.77664e+03 2.6865e+02 16.4 1 0
OBS: 57989.294324 o NA 1.36899e+03 2.9054e+02 17.7 1 0
OBS: 57989.318213 o NA 1.35769e+03 3.7322e+02 19.2 1 0
OBS: 57997.249661 o NA 1.34400e+03 3.4584e+02 26.9 1 0
OBS: 57997.273478 o NA 6.04784e+02 3.1823e+02 27.7 1 0
OBS: 57999.242716 o NA 7.62079e+02 3.4483e+02 32.5 1 0
OBS: 58007.239297 o NA 1.46960e+03 2.8165e+02 21.2 1 0
OBS: 58013.219733 o NA 1.08044e+03 4.3180e+02 27.7 1 0
OBS: 58013.229653 o NA 4.29734e+02 2.5207e+02 20.3 1 0
OBS: 58013.243811 o NA 7.21107e+02 2.9335e+02 20.4 1 0
OBS: 58019.249418 c NA 9.44496e+02 2.1939e+02 16.4 1 0
OBS: 58019.257881 c NA 1.06758e+03 2.4723e+02 16.2 1 0
OBS: 58019.266313 c NA 4.34911e+02 1.9962e+02 16.1 1 0
OBS: 58021.228456 o NA 7.17794e+02 2.9707e+02 22.6 1 0
OBS: 58021.245727 o NA 1.95704e+03 3.7069e+02 22.2 1 0
OBS: 58023.232493 o NA 1.38676e+03 3.3382e+02 28.7 1 0
OBS: 58025.215667 o NA 2.39221e+03 4.9551e+02 33.4 1 0
OBS: 58025.236604 o NA 7.33162e+02 3.2691e+02 29.9 1 0
OBS: 58025.242748 o NA 1.60842e+03 4.2374e+02 30.3 1 0
END_PHOTOMETRY: